"FIPS" "year" "lat" "long" "size" "population" "income" "basalpercent" "x" "y"
"279" 9001 1960 41.28133 -73.39231 624.89 933835 48922 21 0.0750072677344005 -1.23437520721118
"280" 9003 1934 41.80492 -72.73222 735.1 897259 33991 21 0.0829559115156985 -1.22463668769803
"281" 9005 1938 41.79594 -73.25151 920.56 187530 37249 36 0.076273463257161 -1.22522923830011
"282" 9007 1934 41.46561 -72.5326 369.3 165602 39347 52 0.0859436178199008 -1.23041236875659
"283" 9009 1934 41.41197 -72.92743 604.51 862813 32509 30 0.0808933463712907 -1.23170028615013
"284" 9011 1914 41.48928 -72.09803 664.88 274170 33478 42 0.0915376348634458 -1.22959135477669
"285" 9013 1934 41.85916 -72.33707 410.21 151539 33929 34 0.0879782832353469 -1.22333003424992
"286" 9015 1914 41.83422 -71.98253 512.91 117599 27634 62 0.0925741195900072 -1.22343056893674
"287" 10001 1983 39.08765 -75.57388 586.18 167626 24374 17 0.0481143710017337 -1.27437389020309
"288" 10003 1973 39.58336 -75.65519 426.29 546076 31988 17 0.0467020665938089 -1.26568642410432
"289" 10005 1983 38.66573 -75.40669 936.08 203390 27580 22 0.0506496199522889 -1.28171670635504
"574" 17031 2010 41.84296 -87.82118 945.33 5231351 29920 0 -0.111632077206972 -1.22168472241972
"580" 17043 2010 41.84929 -88.09583 327.5 927987 38405 0 -0.115151494770091 -1.22124623697184
"607" 17097 2002 42.33103 -88.00675 443.67 702120 38512 0 -0.113219911115106 -1.21292341826483
"614" 17111 2010 42.33042 -88.45287 603.17 308145 32318 5 -0.118912966540619 -1.21238928783378
"662" 18003 2000 41.09678 -85.07632 657.31 360412 24902 5 -0.0771245492018955 -1.2374982062096
"677" 18033 2002 41.40972 -85.00417 362.82 42321 22732 2 -0.0758468087116546 -1.23206099723578
"680" 18039 2000 41.60006 -85.86171 463.17 199619 21879 4 -0.0867241150385528 -1.22798698659653
"704" 18087 2000 41.65978 -85.43608 379.62 37521 18469 5 -0.081154721336876 -1.22731508694737
"706" 18091 2012 41.55199 -86.73244 598.3 111246 22968 5 -0.0980376519617861 -1.22798369410225
"717" 18113 2002 41.41275 -85.43253 410.84 47582 20600 5 -0.0813953861579223 -1.23165346066801
"724" 18127 2000 41.46303 -87.06373 418.15 165682 28452 9 -0.102447346269829 -1.22919379816448
"731" 18141 2010 41.6211 -86.28689 457.85 266344 23420 3 -0.0921889442699809 -1.22721775537253
"736" 18151 1999 41.65957 -85.00442 308.94 34124 23813 5 -0.0755800253685859 -1.22767469464748
"1141" 23001 1912 44.17162 -70.20337 467.93 107609 23663 39 0.111598390257408 -1.18064601650707
"1142" 23003 1984 46.66569 -68.60191 6671.33 70868 20659 15 0.12664875131955 -1.13533188106765
"1143" 23005 1912 43.87247 -70.42796 835.24 283921 32277 32 0.109288961501189 -1.18612429962502
"1144" 23007 1914 44.9806 -70.44472 1696.61 30630 21595 11 0.107303924344544 -1.16683253847756
"1145" 23009 1914 44.71464 -68.35866 1586.89 54558 27227 24 0.133413522133631 -1.1688163119475
"1146" 23011 1912 44.41876 -69.76618 867.52 121853 25023 39 0.116601096858467 -1.17581493051245
"1147" 23013 1914 44.18294 -69.24059 365.13 39668 26504 31 0.123531612271958 -1.17925784375222
"1148" 23015 1912 44.0887 -69.54312 455.82 34180 28741 37 0.119944048098375 -1.18128696144956
"1149" 23017 1914 44.51864 -70.76404 2076.84 57481 21735 3 0.104095840452733 -1.1752333259329
"1150" 23019 1914 45.40535 -68.6537 3397.36 153746 23366 22 0.128453070378811 -1.15722935238983
"1151" 23021 1934 45.83919 -69.28783 3960.86 17290 20871 2 0.119944383083517 -1.15053208640865
"1152" 23023 1912 43.9898 -69.86822 253.7 35191 28370 27 0.116071814461109 -1.18341434163579
"1153" 23025 1914 45.51979 -69.96034 3924.4 51910 21105 1 0.112339012280158 -1.15689767858014
"1154" 23027 1914 44.51863 -69.16232 729.92 38820 22706 38 0.123885738124276 -1.17331242690928
"1155" 23029 1934 45.04992 -67.64576 2562.66 32462 19527 2 0.141468344638037 -1.1619645073259
"1156" 23031 1909 43.4872 -70.71224 990.71 199005 28321 39 0.106340219196855 -1.19317244328968
"1157" 24001 1983 39.62447 -78.6958 424.16 74012 21357 57 0.00619001151921764 -1.26580837564278
"1158" 24003 1983 39.00517 -76.62606 414.9 550488 39857 25 0.0340425056687489 -1.27628133867147
"1159" 24005 1981 39.47285 -76.64955 598.3 817455 34304 13 0.0335093836437451 -1.26805201836305
"1160" 24009 1989 38.55389 -76.58745 213.15 89628 37321 40 0.0347762541712334 -1.28421731788423
"1161" 24013 1981 39.56482 -77.03298 447.6 167217 35098 16 0.028357210876171 -1.26655697066615
"1162" 24015 1973 39.58389 -75.94711 346.27 101696 29079 17 0.0428140650621852 -1.2658145642692
"1163" 24017 1989 38.5003 -77.04194 457.75 150592 36519 44 0.0286559168985725 -1.28531315946042
"1164" 24019 1983 38.48526 -76.00709 540.77 32551 26208 20 0.0426574360011083 -1.28518988634696
"1165" 24021 1981 39.47736 -77.4078 660.22 239582 36343 13 0.0233905414413076 -1.2681995519316
"1166" 24023 1985 39.54134 -79.27323 647.1 29854 24779 47 -0.00150211428895277 -1.26728715002778
"1167" 24025 1974 39.56566 -76.32602 437.09 248622 34659 17 0.0377768947425165 -1.26629621400261
"1168" 24027 1983 39.2491 -76.93604 250.74 299430 46594 25 0.0297792084820935 -1.27208848648654
"1169" 24029 1973 39.25721 -76.03565 277.03 20191 31691 16 0.0418240546459039 -1.27160647550618
"1170" 24031 1982 39.1383 -77.22022 491.25 1004709 48357 15 0.0260153952904204 -1.27412378152603
"1171" 24033 1983 38.82807 -76.86382 482.69 881138 32117 15 0.0309250801605255 -1.27948248204062
"1172" 24035 1983 39.08364 -75.98858 371.91 48595 37366 16 0.0425558611002416 -1.27464231601087
"1173" 24037 1989 38.30229 -76.62963 357.18 108987 34718 39 0.0343243862935847 -1.28866528650803
"1174" 24039 1989 38.12262 -75.73649 319.72 26253 17599 23 0.0465465488959748 -1.29145039779706
"1175" 24041 1983 38.77273 -76.09286 268.54 38098 38199 21 0.0413341333642522 -1.28016427371188
"1176" 24043 1974 39.61131 -77.82077 457.78 149180 26392 25 0.0178466692186765 -1.26592955855071
"1177" 24045 1983 38.37416 -75.62855 374.44 100647 25929 26 0.047848493267245 -1.28696648810696
"1178" 24047 1983 38.22648 -75.3442 468.28 51578 32811 28 0.0518030852701781 -1.28941825663798
"1179" 25001 1905 41.73562 -70.28634 393.72 215423 36000 46 0.114553744926834 -1.22330982420115
"1180" 25003 1945 42.36783 -73.20492 926.83 130016 29387 18 0.0762446247619769 -1.21516003482972
"1181" 25005 1909 41.80539 -71.10949 553.1 551082 28682 34 0.103850987275961 -1.22303368154648
"1182" 25007 1949 41.38519 -70.63476 103.25 17041 33228 47 0.110620583606099 -1.22985999666094
"1183" 25009 1900 42.6698 -70.97771 492.56 755618 34858 35 0.104240535546188 -1.20775556195537
"1184" 25011 1912 42.58311 -72.59141 699.32 71540 28313 18 0.083825724898677 -1.21087003450596
"1185" 25013 1934 42.13671 -72.62533 617.14 465923 25363 30 0.0839324166060214 -1.21872403965751
"1186" 25015 1934 42.33916 -72.6591 527.26 159795 29113 13 0.0832562278080126 -1.21520466342738
"1187" 25017 1900 42.48438 -71.38994 817.82 1537215 41453 30 0.0992671575664082 -1.21144197140508
"1188" 25019 1949 41.2893 -70.05303 44.97 10298 51456 0 0.118307428996396 -1.23083906864875
"1189" 25021 1905 42.15699 -71.22483 396.11 681845 43685 32 0.101851253228859 -1.2169998384329
"1190" 25023 1905 41.95679 -70.81561 659.08 499759 34285 32 0.107398771933206 -1.22005527485588
"1191" 25027 1909 42.35404 -71.90744 1510.77 806163 31470 38 0.0928441403676284 -1.21424756037308
"1192" 26001 1989 44.68868 -83.59498 674.59 10635 21003 56 -0.0548883033948482 -1.17557919549275
"1193" 26003 2000 46.40753 -86.61853 915.07 9541 19858 8 -0.0899008662325591 -1.1433368363043
"1194" 26005 1989 42.58998 -85.88517 825.23 112039 23395 14 -0.0857972850060661 -1.21061097642985
"1195" 26007 1989 45.03905 -83.62914 571.86 29234 21867 44 -0.0550229403308353 -1.1694408932044
"1196" 26009 1989 45.0024 -85.13616 475.7 23406 23941 19 -0.0735982560573876 -1.16906068517607
"1197" 26011 1984 44.07053 -83.89198 363.19 15477 19386 32 -0.0590999426669513 -1.1862075986958
"1198" 26013 2002 46.66409 -88.37615 898.26 8683 19076 20 -0.110595608596765 -1.13703587343739
"1199" 26015 1989 42.59333 -85.31197 553.09 58990 24989 15 -0.0784908677133561 -1.21104768211616
"1200" 26017 1982 43.70564 -83.98748 442.3 106935 23642 3 -0.0606163680764117 -1.19253265683275
"1201" 26019 1989 44.64316 -86.0064 319.7 17465 24267 16 -0.0847512170391143 -1.17460249350942
"1202" 26021 1982 41.95962 -86.41846 567.75 156067 24490 5 -0.0934336273684814 -1.22115423663719
"1203" 26023 1986 41.92651 -85.06426 506.37 43868 19563 4 -0.076061610136286 -1.22294242407366
"1204" 26025 1986 42.24563 -85.0027 706.23 135099 22430 6 -0.0749249494113778 -1.21739326590873
"1205" 26027 1989 41.91985 -85.99087 490.06 52242 23045 4 -0.08798906827363 -1.22225954560937
"1206" 26029 1989 45.2251 -85.03412 416.34 26023 28226 19 -0.0721027998349318 -1.16525560570437
"1207" 26031 1989 45.44789 -84.50576 715.26 25835 22379 46 -0.065405242550268 -1.16175443630545
"1208" 26033 1994 46.32848 -84.72401 1558.42 38917 20744 34 -0.0671746919528438 -1.14627540026794
"1209" 26035 1982 43.99135 -84.8428 564.32 30753 18413 44 -0.0710465276012401 -1.18694144308662
"1210" 26037 1986 42.94895 -84.59434 566.41 76001 27723 4 -0.0689878849264791 -1.20537220814213
"1211" 26039 1989 44.68498 -84.60008 556.28 14009 21583 46 -0.0673206306564942 -1.17499762670049
"1212" 26041 2000 45.92416 -86.93513 1171.1 36884 22208 28 -0.0943969304066582 -1.15142297746189
"1213" 26043 2000 46.01173 -87.88341 761.4 26220 24963 38 -0.105740268607594 -1.14890393269112
"1214" 26045 1986 42.59903 -84.83792 575.18 108008 26296 2 -0.072443582449173 -1.2113241790929
"1215" 26047 1989 45.51335 -84.88965 467.49 32915 29465 29 -0.0700283032397211 -1.16034030432111
"1216" 26049 1984 43.028 -83.70346 636.98 418408 22577 4 -0.0576203110067701 -1.20458006609153
"1217" 26051 1984 43.99293 -84.37862 501.78 25484 20677 54 -0.0652473222075005 -1.18724663217271
"1218" 26053 2002 46.40096 -89.68657 1101.85 16084 20759 27 -0.12676757910363 -1.13995333162121
"1219" 26055 1983 44.6739 -85.55444 464.33 89112 27617 29 -0.0791285572446914 -1.17445576943064
"1220" 26057 1981 43.29692 -84.60437 568.46 42063 18936 5 -0.0687655576766225 -1.19926912111604
"1221" 26059 1989 41.89663 -84.59661 598.13 46229 20428 1 -0.0700734057837809 -1.22382629851193
"1222" 26061 2002 46.89607 -88.68492 1009.1 36520 18556 21 -0.113885447198833 -1.13265770208074
"1223" 26063 1986 43.8392 -83.01304 835.71 32463 21845 6 -0.0482920318534464 -1.19075268377287
"1224" 26065 1986 42.60398 -84.36819 556.12 281723 24322 6 -0.0664512824444145 -1.2115806157692
"1225" 26067 1986 42.94749 -85.07058 571.3 63941 19994 5 -0.0750284104948714 -1.20503697308188
"1226" 26069 1986 44.3592 -83.63636 549.1 25357 21303 37 -0.0556714951019061 -1.18131357196345
"1227" 26071 2002 46.21192 -88.53798 1166.15 11587 20099 42 -0.113306695201565 -1.14467760343084
"1228" 26073 1981 43.64076 -84.84361 572.68 70617 18738 16 -0.0714237774388758 -1.19307350305705
"1229" 26075 1986 42.25048 -84.4193 701.67 160309 22227 12 -0.0674462227668883 -1.21774514343706
"1230" 26077 1982 42.24704 -85.52541 561.66 254580 25620 5 -0.081617408145417 -1.21693807254596
"1231" 26079 1989 44.68834 -85.07925 559.87 17099 19685 28 -0.0732399404541782 -1.17458464077881
"1232" 26081 1982 43.03258 -85.5457 846.95 614462 25410 11 -0.080951138298033 -1.20315680190723
"1233" 26083 2002 47.35684 -88.11834 540.11 2215 21218 22 -0.106378392295258 -1.12535070147574
"1234" 26085 1989 43.99349 -85.80475 567.37 11498 16741 63 -0.0830532750062218 -1.18612419420421
"1235" 26087 1986 43.09911 -83.22131 643.01 88173 24358 13 -0.0514555372412121 -1.20361011139287
"1236" 26089 1989 44.92094 -85.77005 347.17 21607 32311 7 -0.0814925045973955 -1.16996414729141
"1237" 26091 1986 41.90704 -84.06689 749.56 98987 22449 3 -0.0632419823671549 -1.22401507353438
"1238" 26093 1984 42.60892 -83.9067 565.25 182838 31751 13 -0.0605632860511059 -1.21180234143686
"1239" 26095 1994 46.46693 -85.54708 899.08 6522 18294 16 -0.0769368852220814 -1.14324611656777
"1240" 26097 1994 46.09373 -85.1212 1021.57 11137 22195 38 -0.0722206648751395 -1.15006532556793
"1241" 26099 1986 42.70345 -82.92813 479.22 847383 26661 9 -0.0480177747564097 -1.21070294312564
"1242" 26101 1989 44.33709 -86.05251 542.15 24672 22258 40 -0.0857090736121349 -1.17990276816105
"1243" 26103 2000 46.43259 -87.64827 1808.4 67906 23464 32 -0.10224381411428 -1.1418612747809
"1244" 26105 1989 43.99449 -86.24714 495.07 28680 22494 30 -0.0885719867915314 -1.18570729817984
"1245" 26107 1982 43.64076 -85.32554 555.07 43318 19320 21 -0.0774724580221341 -1.1926960039878
"1246" 26109 2000 45.57484 -87.567 1044.08 23815 21886 34 -0.10258786302077 -1.15683865675807
"1247" 26111 1981 43.64791 -84.38392 516.25 83822 29451 40 -0.0656456317921522 -1.19327984793474
"1248" 26113 1986 44.3412 -85.08137 564.73 15031 19740 40 -0.0736442723572979 -1.18064511956115
"1249" 26115 1986 41.94229 -83.53715 549.39 151048 25774 8 -0.0563902733305957 -1.22372952496745
"1250" 26117 1981 43.311 -85.15405 705.4 63097 19010 23 -0.0756847211483187 -1.19860487455178
"1251" 26119 1989 45.02911 -84.12097 546.66 9476 19264 52 -0.0610828428842172 -1.16931396820164
"1252" 26121 1983 43.28787 -86.13699 499.25 170182 20222 35 -0.0881061720128858 -1.19816269830001
"1253" 26123 1986 43.55359 -85.80473 813.2 47959 21120 37 -0.0835915194866582 -1.193814730583
"1254" 26125 1982 42.66773 -83.38244 867.66 1220657 36314 7 -0.0538322396111783 -1.21108621020262
"1255" 26127 1989 43.63676 -86.25442 512.07 26310 18916 27 -0.0891302605109148 -1.19195182688429
"1256" 26129 1986 44.33982 -84.12166 563.49 21437 18909 45 -0.0617203226248753 -1.18135266901242
"1257" 26131 2002 46.6642 -89.31972 1311.23 6413 22195 28 -0.121877991455819 -1.13587998932784
"1258" 26133 1981 43.99134 -85.32345 566.39 23276 18228 26 -0.0770481510671854 -1.18656714829127
"1259" 26135 1989 44.68354 -84.12518 565.73 8592 18706 58 -0.0614500708785996 -1.17534448674542
"1260" 26137 1989 45.0182 -84.59354 514.97 24020 23179 35 -0.0669069500662279 -1.16918614719497
"1261" 26139 1983 42.96154 -85.98676 563.47 269099 25197 11 -0.0866230976092701 -1.20401178374316
"1262" 26141 1994 45.34553 -83.91483 658.72 13129 21926 40 -0.0582702108953209 -1.16392342032979
"1263" 26143 1986 44.33692 -84.59721 519.64 24106 21637 52 -0.0676333194421391 -1.18107974426174
"1264" 26145 1981 43.33761 -84.04999 800.11 198353 22257 11 -0.0617325047950111 -1.19893702946295
"1265" 26147 1986 42.95782 -82.69856 721.17 160644 23960 10 -0.0449270876663628 -1.20635282229452
"1266" 26149 1989 41.92703 -85.5266 500.59 60796 20772 11 -0.0820090856121957 -1.22254883304807
"1267" 26151 1986 43.42783 -82.82103 962.57 42268 20056 5 -0.0461640053278278 -1.1980538456778
"1268" 26153 2000 46.19646 -86.21379 1171.36 8343 21134 24 -0.0853036918714723 -1.14737441926585
"1269" 26155 1986 42.95752 -84.13817 530.67 69232 22727 7 -0.0631939478510913 -1.20553922094113
"1270" 26157 1986 43.4712 -83.41522 803.13 54662 20503 11 -0.0536189698055617 -1.19698203441867
"1271" 26159 1984 42.24908 -86.01481 607.47 75454 21898 11 -0.0878799943686873 -1.21646592233526
"1272" 26161 1986 42.26044 -83.83541 705.97 350946 32529 11 -0.0599553051933043 -1.21796170929557
"1273" 26163 1982 42.29537 -83.2859 612.08 1792365 22351 6 -0.052885865302147 -1.21767481708631
"1274" 26165 1989 44.34339 -85.57123 565 32608 20627 29 -0.0797257963250333 -1.18021162653355
"1723" 33001 1909 43.51751 -71.42227 400.23 60327 29449 59 0.0973804275402148 -1.19340384778956
"1724" 33003 1912 43.88247 -71.19965 931.06 47567 29194 25 0.0996402724377343 -1.18679794517579
"1725" 33005 1912 42.92029 -72.25419 706.66 76851 27459 34 0.0876916067314991 -1.20466039220274
"1726" 33007 1934 44.70653 -71.3077 1794.69 32096 23580 31 0.0971004504306053 -1.17253399612386
"1727" 33009 1914 43.93652 -71.81627 1708.75 89181 29090 32 0.0918654644661705 -1.18647525537159
"1728" 33011 1909 42.91749 -71.71271 876.14 402922 33653 36 0.0945571571145726 -1.20419024818971
"1729" 33013 1909 43.29867 -71.68097 934.12 146761 31403 41 0.0944334573467165 -1.1974905844151
"1730" 33015 1905 42.99017 -71.12159 694.72 297820 37422 27 0.101936925338084 -1.2023077370115
"1731" 33017 1909 43.30344 -71.03101 368.98 124119 29405 33 0.102613134081754 -1.1967334348106
"1732" 33019 1914 43.36265 -72.22276 537.31 43074 27223 25 0.0875238927747062 -1.19689019320463
"1733" 34001 1970 39.48059 -74.67418 555.7 275422 27613 32 0.0598488007628663 -1.26694553230744
"1734" 34003 1966 40.96162 -74.07378 233.01 918888 43012 5 0.0664557938266287 -1.24049892668802
"1735" 34005 1967 39.88453 -74.66579 798.58 451336 36101 22 0.0596242394479133 -1.25983224684594
"1736" 34007 1970 39.79758 -74.9468 221.26 513539 30136 24 0.0559669905047279 -1.26153312807663
"1737" 34009 1970 39.15104 -74.80786 251.43 96304 33796 16 0.0583325957970422 -1.2728288954103
"1738" 34011 1972 39.37064 -75.11115 483.7 157785 22636 29 0.0541058210894039 -1.26914271988825
"1739" 34015 1970 39.71494 -75.13739 322.01 289586 32067 13 0.0534987425060048 -1.26309727629955
"1740" 34019 1969 40.57309 -74.91399 427.82 127050 49521 11 0.0557924743266635 -1.24787014870668
"1741" 34021 1969 40.28634 -74.69455 224.56 368303 36721 21 0.0589106091846528 -1.25278137793719
"1742" 34023 1967 40.4467 -74.41748 308.91 823041 34153 14 0.0624215931066824 -1.24978415638833
"1743" 34025 1967 40.26116 -74.20899 468.79 629384 42234 15 0.065333131187693 -1.2529068758669
"1744" 34027 1966 40.86163 -74.55699 460.18 497999 48067 37 0.0602333610847236 -1.24257851952837
"1745" 34029 1967 39.91416 -74.28386 628.78 580470 30257 14 0.0646595786731356 -1.25906125664291
"1746" 34031 1966 41.03232 -74.29866 184.59 502885 26615 9 0.0634568802044275 -1.23941010577448
"1747" 34033 1972 39.5932 -75.34277 331.9 65774 27941 20 0.0508553135309201 -1.26535285657719
"1748" 34035 1966 40.56772 -74.62239 301.81 327707 48090 13 0.0596252670102488 -1.24778753434623
"1749" 34037 1966 41.14084 -74.69525 519.01 147442 36986 30 0.0581949495539595 -1.23775659204967
"1750" 34039 1966 40.66755 -74.31498 102.86 543976 34851 0 0.063571243722981 -1.24583295812055
"1751" 34041 1969 40.86243 -75.00166 356.92 107653 33616 15 0.0544185901704254 -1.24283265907791
"1785" 36001 1945 42.60392 -73.97452 522.8 305455 31728 11 0.066176499215716 -1.21159671079408
"1786" 36003 1974 42.25604 -78.03352 1029.31 48357 20047 27 0.0144610199326136 -1.21942806623158
"1787" 36007 1972 42.16337 -75.81766 705.77 198060 24766 24 0.0429417086265322 -1.22038700783221
"1788" 36009 1981 42.24967 -78.67716 1308.35 79458 21369 16 0.00620329024571499 -1.21960996399619
"1789" 36011 1974 42.91938 -76.55465 691.58 79552 23990 4 0.0331133217517553 -1.20740986142118
"1790" 36013 1981 42.2321 -79.36496 1060.23 133539 21325 13 -0.0026233875974395 -1.2199316570871
"1791" 36015 1974 42.14159 -76.76317 407.35 88911 24299 31 0.0308088149384696 -1.22113644655537
"1792" 36017 1972 42.4958 -75.60952 893.55 49933 22786 16 0.0453960114438415 -1.21445346146041
"1793" 36019 1960 44.74823 -73.68638 1037.85 81654 23446 37 0.0676858134963109 -1.17386865631604
"1794" 36021 1945 42.25262 -73.63709 634.71 62499 32259 31 0.070836008522736 -1.21751499617482
"1795" 36023 1974 42.59475 -76.06449 498.76 49474 22322 2 0.0395253659771868 -1.2129198324174
"1796" 36025 1960 42.19659 -74.97049 1442.44 47276 23120 9 0.0537920390095134 -1.21937255089327
"1797" 36027 1945 41.76733 -73.75191 795.63 297322 32353 29 0.0698502719453842 -1.22611606231588
"1798" 36029 1981 42.7645 -78.73493 1042.69 919086 27366 7 0.00542148008664954 -1.21057069499482
"1799" 36031 1945 44.11613 -73.78035 1794.23 38961 24915 18 0.067151028337291 -1.18497917451683
"1800" 36033 1966 44.59143 -74.30673 1629.12 51795 20831 13 0.0601625764581469 -1.17702438153517
"1801" 36035 1945 43.11158 -74.42527 495.47 54925 23606 9 0.0599858729632952 -1.20299604816439
"1802" 36037 1981 42.99963 -78.19807 492.94 59977 25022 15 0.0122175486325772 -1.2063934331456
"1803" 36039 1945 42.27937 -74.131 647.16 48673 23605 17 0.0644831958035701 -1.21739729326085
"1804" 36041 1960 43.66008 -74.50427 1717.37 4778 29214 4 0.05851482431806 -1.19343717949807
"1805" 36043 1961 43.41412 -74.97219 1411.47 64508 22377 5 0.0528285736393811 -1.19801914613558
"1806" 36045 1974 44.0317 -75.9163 1268.59 120262 22574 15 0.0405562946368422 -1.18766680162488
"1807" 36049 1974 43.78293 -75.45191 1274.68 27224 21472 11 0.0465288474071162 -1.19180970799026
"1808" 36051 1974 42.72247 -77.78247 631.76 64810 23637 7 0.0175631956812564 -1.21119347830093
"1809" 36053 1972 42.91486 -75.67318 654.84 72382 24904 14 0.0443126235128747 -1.20713012089902
"1810" 36055 1974 43.14306 -77.70189 657.21 747813 27712 4 0.0184767665027201 -1.20379651540586
"1811" 36057 1945 42.90158 -74.45334 403.04 49941 22847 7 0.0598130429759181 -1.2066948084225
"1812" 36063 1981 43.19856 -78.73467 522.36 215124 25046 5 0.00539065301566263 -1.20295245200736
"1813" 36065 1969 43.24361 -75.44634 1212.43 233556 24459 17 0.046968154593204 -1.20125631988298
"1814" 36067 1973 43.00466 -76.19391 778.39 466852 27960 9 0.0376491095718719 -1.20577938470767
"1815" 36069 1974 42.85386 -77.29985 644.07 108519 29293 13 0.0236680810286589 -1.20878230291899
"1816" 36071 1960 41.40107 -74.31135 811.69 374512 29880 27 0.0629605170688833 -1.23293904483384
"1817" 36073 1981 43.24727 -78.23425 391.26 42836 21085 6 0.0117159626726264 -1.20205287570515
"1818" 36075 1974 43.42839 -76.14641 951.65 121700 22261 16 0.0380160021651076 -1.19833024121878
"1819" 36077 1960 42.63397 -75.03499 1001.7 61709 23176 18 0.0526310971019696 -1.21173242051704
"1820" 36079 1960 41.42885 -73.7527 230.31 99607 39746 36 0.0701786050332527 -1.23205979999065
"1821" 36083 1945 42.71192 -73.51042 652.43 159835 28719 20 0.0719792618600521 -1.20936591568059
"1822" 36087 1960 41.1529 -74.02496 173.55 317757 34983 15 0.066911185551864 -1.23710350154349
"1823" 36089 1972 44.49746 -75.07055 2680.38 112232 21013 22 0.0507722777262051 -1.17911242141191
"1824" 36091 1945 43.10928 -73.86642 809.98 222133 33490 30 0.0670605807542367 -1.20266283761363
"1825" 36093 1945 42.82423 -74.06519 204.52 155124 28001 31 0.0648133332787186 -1.20779639214515
"1826" 36095 1960 42.58669 -74.44267 621.82 32099 25362 22 0.0602228512126337 -1.21221020207252
"1827" 36097 1974 42.39504 -76.87725 328.33 18514 22803 26 0.029236094789514 -1.2167204182231
"1828" 36099 1974 42.77398 -76.83319 323.71 35305 21980 3 0.0296371810269029 -1.21005349968688
"1829" 36101 1974 42.2693 -77.3891 1390.56 99063 24006 20 0.022724319803106 -1.21906903251308
"1830" 36103 1960 40.86686 -72.84618 912.05 1499273 36588 13 0.082583034740942 -1.24120121380614
"1831" 36105 1960 41.71357 -74.77418 968.13 76793 24023 31 0.0567022332036576 -1.22774071822349
"1832" 36107 1974 42.17365 -76.30568 518.6 50478 25719 22 0.036669425820622 -1.22041083558893
"1833" 36109 1974 42.45786 -76.47146 474.65 102554 26199 12 0.0343993999214771 -1.21548138335609
"1834" 36111 1960 41.89 -74.26255 1124.24 181791 29692 23 0.0631506508480752 -1.22431975375368
"1835" 36113 1945 43.5618 -73.85878 866.95 65538 28939 20 0.0667147221686434 -1.19473251920527
"1836" 36115 1945 43.32178 -73.44217 831.18 62934 23252 20 0.0722041010553886 -1.19863014906976
"1837" 36117 1974 43.15939 -77.03519 603.83 92962 24872 7 0.0269140804675421 -1.20335083500274
"1838" 36119 1960 41.16351 -73.76251 430.5 961670 48306 18 0.0703164232138826 -1.23672763060861
"1839" 36121 1981 42.70128 -78.23232 592.75 41892 21762 11 0.0118339634520503 -1.21163510183376
"1840" 36123 1974 42.63186 -77.11956 338.14 25344 23928 26 0.0260446999915328 -1.21263228211279
"1867" 37053 1990 36.52304 -75.94655 261.85 24077 26487 15 0.0446452405653742 -1.31972382425077
"1868" 37055 1990 35.76329 -75.85107 383.42 34573 31410 1 0.0464369501655065 -1.33305417659826
"1996" 39005 2000 40.86122 -82.26922 422.95 52962 21758 6 -0.0406824382265635 -1.24337939867977
"1997" 39007 1987 41.71017 -80.75647 701.93 100389 20030 21 -0.0206372411891742 -1.22893591555761
"1998" 39009 2012 39.34576 -82.04053 503.6 64304 17312 34 -0.0384991480512359 -1.27015054331894
"2000" 39013 1998 40.03032 -80.99209 532.13 69671 21129 14 -0.0242534937363248 -1.25844081447697
"2003" 39019 1994 40.59303 -81.08306 394.61 28587 21772 28 -0.0252575711137032 -1.24851026604603
"2008" 39029 1994 40.78219 -80.77249 531.89 106507 20691 19 -0.0211212656505213 -1.24525670654023
"2009" 39031 1998 40.31619 -81.91965 563.91 36779 20084 14 -0.0363875357660986 -1.2531118840305
"2010" 39033 2012 40.86113 -82.91514 401.79 42849 20823 2 -0.0491315538795956 -1.24307579076274
"2011" 39035 1994 41.43819 -81.65425 457.19 1265111 26810 0 -0.0323701453410463 -1.23346791356745
"2013" 39039 2000 41.32916 -84.49443 411.46 38677 22862 4 -0.0693174200140734 -1.23386500398214
"2014" 39041 2007 40.28827 -82.99348 443.1 181061 41384 0 -0.0505627582182061 -1.25311204633909
"2015" 39043 2000 41.3782 -82.62486 251.56 76398 25704 5 -0.0450031939294337 -1.23412759828193
"2016" 39045 2002 39.75692 -82.62121 504.41 147474 26693 7 -0.0459948268506234 -1.26265277711405
"2018" 39049 2007 39.97747 -82.99945 532.19 1195537 27646 0 -0.0508624935517489 -1.25857802773532
"2019" 39051 2000 41.61386 -84.13218 405.44 42513 23718 2 -0.0643523344134017 -1.2291193625923
"2021" 39055 1989 41.51811 -81.17983 400.16 93680 33947 5 -0.0261829187947849 -1.23220870054032
"2023" 39059 1998 40.06532 -81.48956 522.25 39817 19538 26 -0.0308248652443518 -1.25768038016072
"2027" 39067 1998 40.31005 -81.08478 402.34 15714 19927 24 -0.0253810312082328 -1.25349126381353
"2028" 39069 2000 41.33824 -84.0725 416.01 28045 23256 2 -0.0638309662279108 -1.23400104327912
"2030" 39073 2005 39.50699 -82.46987 421.32 29273 20123 36 -0.0441374944123109 -1.26712473105433
"2031" 39075 1998 40.57356 -81.92496 422.53 43025 17176 11 -0.0363257614422186 -1.24858018389377
"2032" 39077 2002 41.16267 -82.59927 491.5 59280 22005 6 -0.0448080722759994 -1.23792911180776
"2034" 39081 1994 40.39699 -80.76026 408.33 68389 21587 19 -0.0210751629670592 -1.25203994788682
"2035" 39083 2002 40.41346 -82.41434 525.49 60705 22628 6 -0.0428506813668303 -1.25119375315166
"2036" 39085 1989 41.71304 -81.23331 227.49 229582 28900 0 -0.0268015096058978 -1.22876645559118
"2038" 39089 2000 40.10159 -82.47755 682.5 167537 25977 10 -0.0438744233591988 -1.25665360713518
"2040" 39093 1999 41.30223 -82.15227 491.1 301478 25558 7 -0.0389082083764372 -1.23567192506919
"2041" 39095 1987 41.63381 -83.66265 340.86 437998 23857 6 -0.0582629202107878 -1.22907182008054
"2043" 39099 1994 41.02303 -80.77507 411.62 235145 23261 11 -0.0210830678350635 -1.2410179282278
"2044" 39101 2012 40.59704 -83.15753 403.76 66238 20430 2 -0.052497053436581 -1.2475911097091
"2045" 39103 1999 41.13394 -81.89219 421.36 173684 30528 5 -0.0356118267806782 -1.23873352089579
"2049" 39111 1998 39.74157 -81.08076 455.72 14549 20473 21 -0.025530282526277 -1.26350272535914
"2051" 39115 2002 39.63459 -81.85349 416.42 14911 19731 20 -0.0358553356966653 -1.26513724031428
"2052" 39117 2010 40.54079 -82.78487 406.08 34938 22060 0 -0.0476426884348512 -1.24877694472392
"2053" 39119 2000 39.97913 -81.94698 664.58 85950 21069 19 -0.036921872152135 -1.25903485440856
"2054" 39121 2000 39.77987 -81.4523 398.01 14579 18790 14 -0.0304530358692461 -1.26271878749053
"2055" 39123 1998 41.54577 -83.14384 254.92 41339 28404 7 -0.0516178797488281 -1.23091854740309
"2057" 39127 2002 39.74567 -82.23601 407.97 36015 19876 15 -0.040883496747743 -1.26302689108346
"2060" 39133 1994 41.18573 -81.19845 487.38 161451 25483 7 -0.0265496832656589 -1.23804939154948
"2063" 39139 2002 40.79095 -82.53194 495.27 122673 21966 6 -0.0441630993863995 -1.24449826820019
"2065" 39143 2000 41.36403 -83.14728 408.45 60510 22713 2 -0.0517964844014 -1.23411064265011
"2067" 39147 2007 41.12995 -83.12834 551.02 56018 21365 6 -0.0517224330040804 -1.23823573836648
"2069" 39151 1994 40.82956 -81.35753 575.27 374868 24212 5 -0.0287667141924777 -1.24426953155174
"2070" 39153 1994 41.13918 -81.52886 412.75 540811 27220 10 -0.0308738835642542 -1.23876843086153
"2071" 39155 1989 41.32061 -80.76268 618.3 207406 22127 18 -0.0208330300221905 -1.23578538993484
"2072" 39157 1998 40.45625 -81.4704 567.64 92392 20994 20 -0.0304040381437235 -1.25080441822467
"2075" 39163 2012 39.26374 -82.4758 412.36 13239 17301 43 -0.0443660174659954 -1.27140519625325
"2077" 39167 2002 39.47223 -81.48898 631.97 61475 23404 27 -0.0310731118271416 -1.26812498372663
"2078" 39169 1999 40.84352 -81.88672 554.93 114848 22892 9 -0.0356871136487462 -1.24384446382205
"2079" 39171 2000 41.56982 -84.58288 420.97 37513 21532 4 -0.0702242806592108 -1.22957365419922
"2080" 39173 2000 41.37086 -83.6287 617.21 128200 26696 1 -0.0580412331785001 -1.23371243180214
"2136" 42001 1973 39.87776 -77.2155 518.67 101482 26326 26 0.0258120752511657 -1.26109749636307
"2137" 42003 1981 40.46986 -79.9798 730.08 1229338 30530 13 -0.0107822544354535 -1.25088778755716
"2138" 42005 1981 40.81654 -79.46558 653.2 68409 22963 30 -0.00399478992974112 -1.24482478251738
"2139" 42007 1981 40.68327 -80.34774 434.71 170245 25095 24 -0.0155777665000439 -1.24707980914931
"2140" 42009 1974 40.01033 -78.48906 1012.3 49324 20922 42 0.00889537532202889 -1.25899516231158
"2141" 42011 1969 40.4192 -75.92717 856.51 413491 26332 16 0.0425792150292129 -1.25110189418054
"2142" 42013 1974 40.4817 -78.34849 525.8 127121 23561 40 0.0106865022330113 -1.25068013665486
"2143" 42015 1973 41.78997 -76.52777 1147.4 62792 21828 21 0.0340043755746793 -1.22723500559987
"2144" 42017 1969 40.34554 -75.10511 604.31 627053 36601 10 0.0534539650468984 -1.25198265743362
"2145" 42019 1981 40.91105 -79.9147 788.6 184970 29604 25 -0.00986383466735232 -1.24312860821057
"2146" 42021 1974 40.49715 -78.70954 688.35 141584 21925 23 0.00593408174643601 -1.25043968858377
"2147" 42023 1974 41.43266 -78.20545 396.23 4939 21605 59 0.0124005733504348 -1.23392755326733
"2148" 42025 1969 40.91925 -75.70968 381.46 65006 24144 45 0.0451224737691915 -1.24220416533397
"2149" 42027 1970 40.92177 -77.83002 1109.92 155171 24514 56 0.0174004200347472 -1.24285726984043
"2150" 42029 1972 39.98034 -75.74446 750.51 506575 42042 13 0.0452619550111307 -1.25874129863259
"2151" 42031 1981 41.19417 -79.41774 600.83 39646 21303 39 -0.00335022771699114 -1.23818100031464
"2152" 42033 1974 41.00176 -78.47781 1144.72 81184 20784 33 0.00891900599606044 -1.24153927929586
"2153" 42035 1973 41.23335 -77.64288 887.98 39517 20803 61 0.0197600110600245 -1.23733840607344
"2154" 42037 1972 41.04357 -76.40464 483.11 66887 22861 42 0.035974900746801 -1.24031392958982
"2155" 42039 1981 41.67433 -80.11081 1012.3 87598 20910 12 -0.01229459292749 -1.22967796142564
"2156" 42041 1973 40.16862 -77.26798 545.46 238614 30958 25 0.0250137299693797 -1.25598973457791
"2157" 42043 1972 40.41294 -76.78116 525.05 269665 28658 34 0.0313389461936575 -1.25154416010594
"2158" 42045 1972 39.9217 -75.3989 183.84 561098 32803 5 0.0498790536042724 -1.25960046691574
"2159" 42047 1974 41.41901 -78.64273 827.36 31550 22903 25 0.00672467032418779 -1.2342116522188
"2160" 42049 1981 41.98298 -80.03635 799.15 280646 23321 11 -0.0112812198311647 -1.22426083424649
"2161" 42051 1981 39.92315 -79.64515 790.34 135660 19717 29 -0.00642688674996168 -1.2605457392802
"2162" 42053 1981 41.50212 -79.22629 427.19 7667 14306 23 -0.000852360141234511 -1.23276779531111
"2163" 42055 1974 39.92519 -77.71774 772.22 151275 25298 25 0.0191350293290411 -1.26038094551072
"2164" 42057 1974 39.92472 -78.11327 437.55 14772 22541 49 0.0138898125493283 -1.26045794095255
"2165" 42059 1981 39.85443 -80.22112 575.95 38085 20636 20 -0.0140792150623208 -1.26169402307406
"2166" 42061 1973 40.42231 -77.97214 874.64 45943 20574 42 0.0156518775012448 -1.2516736242437
"2167" 42063 1974 40.65418 -79.08017 827.03 88218 21686 27 0.00105552054399674 -1.2476887518148
"2168" 42065 1974 41.12465 -78.99681 652.43 44764 21365 18 0.00213556459988701 -1.2394069381931
"2169" 42067 1973 40.52281 -77.40669 391.35 24904 20611 46 0.0230655832212767 -1.24978916387079
"2170" 42069 1970 41.43479 -75.61664 459.08 214477 25085 36 0.0460003124969857 -1.23309467807775
"2171" 42071 1972 40.0458 -76.24735 943.81 526823 26141 4 0.0385658267485134 -1.2578107688357
"2172" 42073 1981 40.9925 -80.32956 358.18 89871 22052 19 -0.0152722818111092 -1.24164035582562
"2173" 42075 1972 40.3682 -76.46312 361.83 135251 26238 26 0.0355491039434745 -1.25221975181786
"2174" 42077 1970 40.61644 -75.5917 345.17 355245 27801 12 0.0468645184842956 -1.2474736088275
"2175" 42079 1970 41.17811 -75.99021 890.33 321027 23956 50 0.0413038772988172 -1.23777916004942
"2176" 42081 1973 41.33273 -77.06608 1228.59 117168 22301 36 0.0272302280553455 -1.2354477092438
"2177" 42083 1974 41.80621 -78.57427 979.2 43127 21436 8 0.00757166651339018 -1.22739712023486
"2178" 42085 1981 41.29909 -80.26005 672.58 115655 22303 20 -0.0143018004705493 -1.23625685260766
"2179" 42087 1973 40.60757 -77.60614 411.03 46773 19758 50 0.0204184331494133 -1.24834277045574
"2180" 42089 1969 41.05923 -75.33934 608.29 168798 25096 45 0.0498633864032682 -1.23955744634902
"2181" 42091 1970 40.21878 -75.36395 483.04 808460 41163 2 0.0501332865812123 -1.2543539909728
"2182" 42093 1972 41.02093 -76.65954 130.24 18356 27784 13 0.0326588257255363 -1.2408042293882
"2183" 42095 1969 40.76019 -75.3088 369.67 299267 29020 30 0.0504749226654698 -1.24480014384186
"2184" 42097 1972 40.84224 -76.70856 458.37 94428 21899 32 0.0320999852300256 -1.24396474270771
"2185" 42099 1973 40.40263 -77.25225 551.45 45701 24688 45 0.0251388663699718 -1.2518656193233
"2186" 42103 1969 41.33282 -75.05037 544.96 56899 27989 61 0.0534237849741202 -1.23459082843872
"2187" 42105 1974 41.74554 -77.90296 1081.32 17577 21491 23 0.0162548495481249 -1.22837969026553
"2188" 42107 1969 40.70656 -76.21571 778.63 147063 22365 54 0.038624111990738 -1.24616869314704
"2189" 42109 1973 40.76744 -77.06556 328.71 39672 21891 34 0.0274562433902571 -1.24539283308828
"2190" 42111 1974 39.9778 -79.02493 1074.37 76957 20909 31 0.00179768422265178 -1.25959825773993
"2191" 42113 1972 41.4409 -76.52295 449.94 6461 21703 6 0.0342369564960104 -1.23336982108423
"2192" 42115 1970 41.82189 -75.80637 823.44 42696 23392 14 0.0432984675299388 -1.22638067915516
"2193" 42117 1974 41.76453 -77.26534 1133.79 42577 21420 29 0.0244886105775902 -1.22790915606996
"2194" 42119 1973 40.96011 -77.0648 315.98 44952 22135 36 0.0273914309874332 -1.24200229316018
"2195" 42121 1981 41.39196 -79.75873 674.28 54272 21128 46 -0.00777054770477504 -1.23468135219308
"2196" 42123 1981 41.80781 -79.27479 884.14 41146 23147 11 -0.00147497180964553 -1.22739145647045
"2197" 42125 1981 40.18882 -80.24718 856.99 208716 26987 15 -0.014357826753456 -1.25580097648137
"2198" 42127 1969 41.64987 -75.31038 725.6 51955 23500 15 0.0498202823826369 -1.22916032031185
"2199" 42129 1981 40.31403 -79.46266 1027.55 363395 26963 21 -0.00398466435585033 -1.25367178179502
"2200" 42131 1970 41.51624 -76.02976 397.32 28125 23375 34 0.0405928939787787 -1.23185109467408
"2201" 42133 1973 39.92591 -76.73011 904.18 437846 28042 20 0.0322304828801937 -1.2601013853444
"2202" 44001 1912 41.71248 -71.25485 24.16 49144 36382 0 0.102116086121088 -1.2248191025867
"2203" 44003 1912 41.67921 -71.57206 168.53 164843 32358 42 0.0980743260489208 -1.22573627590004
"2204" 44005 1912 41.56551 -71.23031 102.39 82036 37915 24 0.102647733008255 -1.22736831544784
"2205" 44007 1905 41.87511 -71.57468 409.5 628323 25973 49 0.097765906415517 -1.22230544616095
"2206" 44009 1912 41.48859 -71.6234 329.24 125946 36501 44 0.0976777812421907 -1.22913100116409
"2486" 50001 1934 44.03206 -73.1463 766.33 36745 27683 11 0.0751477622154252 -1.18597431325197
"2487" 50003 1938 43.03698 -73.0972 674.98 36697 27989 14 0.0768727251338582 -1.20334688861568
"2488" 50005 1934 44.46107 -72.095 648.86 31121 23246 9 0.0877033952707224 -1.17758034989889
"2489" 50007 1945 44.46173 -73.09516 536.58 158504 32533 8 0.07530614850721 -1.17842652465102
"2490" 50009 1934 44.72271 -71.74051 663.6 6226 20641 7 0.0917379004933063 -1.17268190846447
"2491" 50011 1960 44.85467 -72.9162 633.71 48214 25811 0 0.0770736763782625 -1.17142454436521
"2492" 50013 1960 44.80363 -73.30288 81.81 6983 33491 0 0.0723621331950443 -1.17261909881196
"2493" 50015 1934 44.604 -72.64148 458.8 24958 27457 7 0.0807597571347711 -1.17557029666806
"2494" 50017 1934 44.00901 -72.37895 687.03 28924 26269 17 0.0847491535215216 -1.18573167186121
"2495" 50019 1983 44.83745 -72.23834 693.27 27109 21000 13 0.0854482669046201 -1.17114531951892
"2496" 50021 1938 43.57989 -73.04194 929.82 60869 25814 20 0.0769597066562265 -1.19379852849426
"2497" 50023 1934 44.27674 -72.61217 687.23 59465 28992 23 0.0815165567111886 -1.1812587906027
"2498" 50025 1934 42.99072 -72.71759 785.31 43985 28131 21 0.0817333374980045 -1.20384027081521
"2499" 50027 1934 43.5849 -72.58492 969.34 56211 30236 21 0.082693140699236 -1.19332704028584
"2500" 51001 1986 37.95267 -75.30816 449.5 33341 23556 14 0.0524875743270608 -1.29422038503925
"2501" 51003 1989 38.02301 -78.55683 720.7 102251 37256 36 0.00822010042909864 -1.29401843674679
"2502" 51005 2000 37.77987 -80.01005 445.46 16230 22444 76 -0.0116039842118951 -1.29827798192682
"2503" 51007 1994 37.334 -77.98033 355.27 12759 24664 30 0.0162197433144213 -1.30608731830887
"2504" 51009 1994 37.59929 -79.14536 473.93 32384 22128 34 0.000208351949604463 -1.30151248157774
"2505" 51011 1998 37.36694 -78.812 333.49 15128 22721 35 0.00478834207103559 -1.30559871514685
"2506" 51015 1989 38.16069 -79.13193 967 73658 23861 35 0.000389278277225039 -1.29161791165969
"2507" 51017 1994 38.0571 -79.74402 529.16 4652 24878 73 -0.00794002739490694 -1.29341934532679
"2508" 51019 2000 37.31764 -79.52311 753.02 69590 27845 27 -0.00498342253876853 -1.30646684897277
"2509" 51021 2012 37.12787 -81.1294 357.73 6738 20291 45 -0.0271309621026121 -1.30953973985406
"2510" 51023 2000 37.55287 -79.81061 541.2 33154 30293 51 -0.00890700877022413 -1.30230016722899
"2511" 51025 1998 36.76573 -77.85873 566.17 17010 16991 39 0.0180279219838367 -1.31607899623732
"2513" 51029 1994 37.56512 -78.52957 579.66 17088 16938 44 0.00864482351917986 -1.30208602986811
"2514" 51031 1998 37.21993 -79.10233 503.87 55163 22588 28 0.000801695587628242 -1.30819811351341
"2515" 51033 1987 38.03107 -77.34893 527.51 28972 26030 40 0.0246618481841957 -1.2936674398702
"2517" 51036 1990 37.36044 -77.07583 182.82 7157 25241 39 0.0286382268368308 -1.30540795455805
"2518" 51037 1998 37.01267 -78.66527 475.27 12404 18210 30 0.00683647921643394 -1.31183309561214
"2519" 51041 1990 37.3888 -77.5763 423.3 323856 32546 42 0.0217556564284184 -1.30504090933646
"2520" 51043 1984 39.11702 -78.00738 176.18 14323 37551 21 0.0154667571094024 -1.27467048891253
"2521" 51045 2007 37.47021 -80.21256 329.53 5213 25046 61 -0.0144306119478164 -1.30370759121205
"2522" 51047 1984 38.49027 -77.95472 379.23 47911 27075 24 0.0163131293600531 -1.28570584146219
"2523" 51049 1994 37.50844 -78.24526 297.46 9849 21250 32 0.012549413817599 -1.30305324879371
"2525" 51053 1994 37.08111 -77.62783 503.72 27994 23246 44 0.0211355408652334 -1.31047438197751
"2526" 51057 1990 37.93628 -76.95573 257.12 11233 22495 33 0.0300523416971925 -1.29522454815267
"2527" 51059 1983 38.83589 -77.28296 390.97 1118602 50145 17 0.0252795864175618 -1.27946863689568
"2528" 51061 1983 38.74023 -77.80898 647.45 66542 40569 20 0.0182219703130542 -1.28127458028865
"2529" 51063 2012 36.92845 -80.36664 380.42 15390 21298 19 -0.0166652513907241 -1.31322932518841
"2530" 51065 1989 37.83463 -78.27996 286.01 25967 28864 43 0.0120204081683272 -1.29730901919389
"2531" 51067 2012 36.98942 -79.88843 690.43 56411 24677 32 -0.0100493505502858 -1.31222215293511
"2532" 51069 1984 39.21279 -78.27569 413.5 80317 29409 42 0.0118525673073806 -1.27302161394656
"2533" 51071 2007 37.30873 -80.70492 355.78 16928 21891 43 -0.0212303051041248 -1.30646089397164
"2534" 51073 1987 37.42132 -76.54653 217.81 36886 28623 33 0.0358780883075932 -1.30415568022601
"2535" 51075 1989 37.7219 -77.92086 281.42 21347 46697 55 0.016947805796596 -1.29924101217393
"2537" 51079 1987 38.29848 -78.46733 156.25 18771 26711 26 0.00940322696684785 -1.28915518652751
"2538" 51081 1994 36.67825 -77.55877 295.23 11851 18004 42 0.022207383158922 -1.31755680618421
"2539" 51083 1998 36.76155 -78.92968 817.84 35849 20744 37 0.00319770484655066 -1.31627223797513
"2540" 51085 1989 37.76225 -77.4869 468.54 100668 34505 36 0.0228672984099911 -1.29843904031571
"2541" 51087 1989 37.54289 -77.41621 233.7 314932 33364 28 0.0239039767871842 -1.30228715324541
"2543" 51091 1994 38.36503 -79.57788 415.16 2245 24922 57 -0.00565523838351998 -1.28800416202136
"2544" 51093 1990 36.88931 -76.72881 315.61 35399 30500 27 0.0336166976572653 -1.31359471245013
"2545" 51095 1990 37.3121 -76.77693 142.44 68967 39311 39 0.0327647853101058 -1.30616310550155
"2546" 51097 1990 37.72288 -76.90037 315.14 7046 25012 33 0.0308961995439001 -1.29896688782313
"2547" 51099 1987 38.27135 -77.16616 179.64 24500 34024 51 0.0270606814986873 -1.28938369827131
"2548" 51101 1987 37.70503 -77.08741 273.94 15981 27796 19 0.0283467147635304 -1.29933970015408
"2549" 51103 1998 37.7386 -76.47137 133.25 11236 29845 26 0.0367511987972209 -1.29853724970166
"2551" 51107 1983 39.09418 -77.64881 515.56 336898 46493 19 0.0202819747074026 -1.27500548071018
"2552" 51109 1989 37.97771 -77.95767 496.3 33430 28030 47 0.0163875527444429 -1.29473924397778
"2553" 51111 1998 36.94881 -78.24106 431.68 12588 17187 30 0.0127024119516171 -1.31291483011939
"2554" 51113 1986 38.41938 -78.28355 320.68 13200 27359 30 0.0118763075403986 -1.28700390402899
"2555" 51115 1987 37.42611 -76.35139 85.93 8884 29479 10 0.0385531610608887 -1.30399488518908
"2556" 51117 1998 36.68226 -78.34953 625.49 31749 19843 40 0.011244099827891 -1.3176253109078
"2557" 51119 1987 37.62426 -76.57298 130.31 10822 30654 32 0.0354177844210131 -1.3005902528176
"2558" 51121 2010 37.16767 -80.38793 387.01 95194 22861 33 -0.0169049791932377 -1.30901020243589
"2559" 51125 1994 37.7848 -78.88976 470.86 14827 26060 39 0.00369917920685568 -1.29823767876324
"2560" 51127 1990 37.50263 -77.00542 209.73 19169 32155 41 0.0295484695404353 -1.30288104835753
"2561" 51131 1987 37.36827 -75.90635 211.61 12226 22824 7 0.0446935473692103 -1.30481884338107
"2562" 51133 1987 37.88899 -76.42509 191.3 12346 28538 40 0.0373072200183636 -1.29586970851843
"2563" 51135 1994 37.14089 -78.05432 314.39 15830 20695 32 0.0152425803956823 -1.30950259681285
"2564" 51137 1987 38.25151 -78.00929 340.78 34246 26820 28 0.0156258996847849 -1.28992266165865
"2565" 51139 1986 38.6232 -78.48877 310.86 23895 22722 34 0.0090719669282872 -1.28343453976475
"2567" 51143 1998 36.81722 -79.39765 968.94 62807 21219 30 -0.00328084562280511 -1.31529104941772
"2568" 51145 1989 37.55156 -77.91092 260.22 28123 29987 50 0.0171231571216438 -1.30224114311227
"2569" 51147 1994 37.22224 -78.44271 349.96 23238 17534 31 0.00988043364824411 -1.30812033526953
"2570" 51149 1990 37.19045 -77.24101 265.16 36941 25620 38 0.0264299663082718 -1.30845098926167
"2571" 51153 1984 38.70822 -77.48394 336.4 430289 36842 27 0.0226136438238037 -1.28176879851515
"2572" 51155 2012 37.05456 -80.70876 319.86 34736 21623 51 -0.0213560506863876 -1.31093875519987
"2573" 51157 1986 38.68946 -78.16015 266.23 7456 39735 22 0.0134971802743704 -1.28222783959813
"2574" 51159 1987 37.94107 -76.72812 191.49 9059 20812 34 0.0331518913315627 -1.29506446967134
"2575" 51161 2007 37.2647 -80.05473 250.52 92901 31617 48 -0.0122997210314972 -1.30735149566991
"2576" 51163 1994 37.80911 -79.45031 597.56 22394 23022 41 -0.00395630876652961 -1.29780846058526
"2577" 51165 1987 38.51659 -78.88477 849.09 77391 26226 38 0.00372991269487052 -1.28534005449124
"2580" 51171 1984 38.86481 -78.57413 508.78 42583 24913 47 0.00789302010207812 -1.27918435333649
"2582" 51175 1991 36.72051 -77.10064 599.15 18409 21212 23 0.0285418636274918 -1.31668997609562
"2583" 51177 1987 38.19426 -77.64733 401.5 125684 31352 41 0.0205543270577825 -1.2908626783742
"2584" 51179 1984 38.42354 -77.45849 268.96 134352 35568 42 0.0230467088480573 -1.28677901165309
"2585" 51181 1990 37.10453 -76.90449 278.95 6844 23986 32 0.0310985522842109 -1.30986296395149
"2586" 51183 1990 36.92353 -77.26053 490.22 11972 16974 35 0.0262552669467005 -1.31315931790807
"2588" 51187 1984 38.91629 -78.21302 213.47 38070 30069 24 0.0127440599271795 -1.27823797957184
"2590" 51193 1987 38.11034 -76.83382 229.38 17524 26936 31 0.0316385741835294 -1.29211808402312
"2593" 51199 1989 37.21429 -76.53537 104.78 66146 36755 27 0.0361319887421746 -1.3077987216165
"2594" 51650 1990 37.05003 -76.36036 51.41 136836 24715 12 0.0386253369912535 -1.31062348735631
"2595" 51700 1990 37.10789 -76.52052 68.71 180726 25196 16 0.0363884030461855 -1.3096674484915
"2596" 51810 1990 36.74637 -76.04992 249.02 447021 31589 9 0.0430811046583534 -1.31583855328526
"2636" 54001 1989 39.13237 -79.99775 341.06 16493 17897 24 -0.0112260157332681 -1.27444439868723
"2637" 54003 1983 39.46489 -78.0275 321.14 107098 26183 26 0.0151238481899406 -1.26854478896374
"2639" 54007 2002 38.70119 -80.72085 510.81 14468 18141 39 -0.0210464162948955 -1.28191939777128
"2640" 54009 1994 40.28358 -80.58062 89.21 23853 22793 17 -0.0187385064971 -1.25407432867573
"2642" 54013 2002 38.84577 -81.11772 279.25 7607 18128 52 -0.0263466186623802 -1.27927296150471
"2644" 54017 1998 39.27137 -80.70922 319.72 8178 16042 45 -0.0207258460350691 -1.2718757446828
"2645" 54019 2012 38.02496 -81.07261 661.55 45869 18152 45 -0.0260304398146228 -1.29374833477342
"2646" 54021 2002 38.92264 -80.86218 338.5 8732 15686 52 -0.0228827441335458 -1.27798476131628
"2647" 54023 1985 39.10606 -79.20344 477.37 11816 20405 52 -0.0005750104991575 -1.27495731850907
"2648" 54025 2002 37.94738 -80.4525 1019.57 35820 21025 43 -0.0176074940987023 -1.29525783831613
"2649" 54027 1985 39.31838 -78.6228 640.25 23709 17388 64 0.0071927508126628 -1.27119594918568
"2650" 54029 1994 40.53217 -80.57893 82.61 30305 23381 7 -0.0186508891460974 -1.24969802898535
"2651" 54031 1989 39.01167 -78.86564 582.31 13866 19193 60 0.00396154669190633 -1.27661458171563
"2652" 54033 1998 39.28658 -80.38402 416.01 69141 21846 10 -0.0163704477797534 -1.27167123884461
"2653" 54035 2007 38.84658 -81.67288 464.35 29234 21855 48 -0.0338181244471045 -1.27908297616078
"2654" 54037 1982 39.31058 -77.86483 209.64 54504 29602 10 0.0173320431310747 -1.27123558392356
"2656" 54041 1998 38.99753 -80.50547 384.9 16371 20112 35 -0.0180674892735738 -1.27674206672989
"2660" 54049 1994 39.51234 -80.23813 308.74 56678 22024 28 -0.014373343469977 -1.26771747819043
"2661" 54051 1994 39.86919 -80.66577 305.43 32674 22545 17 -0.0199776072534339 -1.26135438956288
"2664" 54057 1985 39.41122 -78.94855 327.83 27956 20540 57 0.00283220207430783 -1.26957737228276
"2666" 54061 1989 39.63298 -80.03541 360.06 100332 23610 27 -0.011649814398022 -1.26561997453945
"2667" 54063 2007 37.56066 -80.54484 472.75 13463 19166 46 -0.0189651648478419 -1.30205522019044
"2668" 54065 1983 39.55707 -78.27147 229.07 17471 21801 50 0.0118523466586057 -1.26695547660162
"2669" 54067 2002 38.29458 -80.79551 646.82 26229 20455 34 -0.0221766657517346 -1.28906746981838
"2670" 54069 1994 40.10427 -80.62538 105.82 44075 24901 0 -0.0193777659194081 -1.25722275606566
"2671" 54071 1989 38.68088 -79.3601 696.05 7566 19328 56 -0.00269224600678927 -1.28244725750839
"2672" 54073 2002 39.37378 -81.1729 130.1 7595 19035 40 -0.0268923523937446 -1.26995548417956
"2673" 54075 1994 38.33163 -80.00874 940.28 8692 17861 39 -0.0114993089812811 -1.28855392047525
"2674" 54077 1989 39.46883 -79.67153 648.81 33832 20438 36 -0.00681978583667265 -1.26854719252547
"2677" 54083 1994 38.77522 -79.88044 1039.68 29384 18974 29 -0.00970065957862769 -1.28075078334485
"2678" 54085 2002 39.18257 -81.06252 451.99 10236 18337 53 -0.0254848718165694 -1.27335427868409
"2681" 54091 1994 39.33592 -80.04796 172.77 16991 20092 19 -0.0118657966764079 -1.27085185862748
"2682" 54093 1989 39.11284 -79.55997 418.92 6995 19579 13 -0.00535714756017967 -1.27482672150681
"2683" 54095 1996 39.47085 -80.88633 256.29 9037 19097 37 -0.0230320856584883 -1.26832082666402
"2684" 54097 1998 38.9032 -80.23494 354.64 24477 18831 31 -0.0144521192949767 -1.2784504984773
"2686" 54101 1998 38.49581 -80.41793 553.47 9043 16899 34 -0.017008503715536 -1.28559918509366
"2687" 54103 1994 39.61218 -80.63567 358.06 16422 21281 33 -0.0196484032088752 -1.26588754713957
"2688" 54105 2002 39.02441 -81.37413 232.51 5847 18731 55 -0.0297244507394308 -1.27605007369495
"2689" 54107 2002 39.21804 -81.51679 366.26 86701 23413 27 -0.0315551858719375 -1.2725931225051
"2691" 55001 2005 43.97241 -89.76077 645.65 20679 22296 42 -0.132378502799706 -1.18200789781732
"2692" 55003 2012 46.26731 -90.67539 1045.04 15992 20367 29 -0.138901645195607 -1.14088266275701
"2695" 55009 1998 44.44991 -88.0001 529.71 253032 27344 7 -0.109684044291206 -1.17593283634146
"2698" 55015 1999 44.08063 -88.21626 318.24 49634 28182 2 -0.112973256759186 -1.18211596691663
"2701" 55021 2003 43.46792 -89.33267 765.53 56539 28160 14 -0.127997659973378 -1.19138382546791
"2703" 55025 2005 43.06816 -89.4205 1197.24 503523 33118 11 -0.12985411862908 -1.19823694302397
"2704" 55027 2000 43.41988 -88.70706 875.63 88415 24691 2 -0.120237315944639 -1.19303874910947
"2705" 55029 1998 44.91052 -87.34439 481.98 27817 29437 17 -0.100875861052092 -1.16863529836213
"2709" 55037 2003 45.84817 -88.40666 488.2 4482 22030 46 -0.112340707406062 -1.15114207511811
"2710" 55039 2000 43.75436 -88.49309 719.55 101843 25934 4 -0.116976269903226 -1.18747063533258
"2711" 55041 2003 45.66396 -88.77032 1014.07 9206 20992 32 -0.117068711508211 -1.15390015881061
"2714" 55047 2003 43.80064 -89.04294 349.44 19039 25762 7 -0.123759898298775 -1.18596734813349
"2716" 55051 2012 46.26114 -90.24315 758.17 5934 22154 28 -0.133724210614839 -1.14160927784768
"2718" 55055 2003 43.02303 -88.77265 556.47 84498 25445 4 -0.121763527085274 -1.19988218690558
"2719" 55057 2007 43.92332 -90.10543 766.93 26631 23695 40 -0.136762798250585 -1.18237438859028
"2720" 55059 1999 42.584 -88.04144 271.99 167936 26936 5 -0.113247991378126 -1.20845767022051
"2721" 55061 1998 44.50571 -87.61538 342.52 20624 24936 2 -0.104836440331567 -1.17539462818956
"2724" 55067 2003 45.2634 -89.06904 870.64 19646 22295 32 -0.121422396871898 -1.16048032213889
"2725" 55069 2005 45.34241 -89.72905 878.97 28392 23987 40 -0.129325011599153 -1.1582379565364
"2726" 55071 1998 44.11418 -87.8103 589.08 80671 25831 4 -0.107869664338491 -1.18200258240773
"2727" 55073 2005 44.89973 -89.75366 1544.98 134735 26763 16 -0.130485125211076 -1.16589045409627
"2728" 55075 1999 45.3802 -88.0399 1399.35 41563 23827 47 -0.108659479211538 -1.15969640269104
"2729" 55077 2005 43.82004 -89.39315 455.6 15205 23139 25 -0.128092488532191 -1.18516527946148
"2730" 55078 1999 45.00581 -88.70652 357.61 4340 15346 38 -0.117446388706946 -1.16541251278552
"2731" 55079 1999 43.00774 -87.96416 241.4 955205 24051 0 -0.111577243353977 -1.20114173997869
"2733" 55083 1999 45.02017 -88.26157 997.99 37442 25852 32 -0.11196520605783 -1.16569976680004
"2734" 55085 2005 45.70288 -89.52026 1112.97 35714 27181 42 -0.126095949539003 -1.15226561320375
"2735" 55087 1999 44.41665 -88.46359 637.52 178816 27573 6 -0.115474160094568 -1.17596324379483
"2736" 55089 1999 43.38477 -87.94484 233.08 86823 41272 7 -0.11072258011193 -1.19457777142076
"2740" 55097 2003 44.4741 -89.49174 800.68 70433 25207 25 -0.12807927125265 -1.17364587029308
"2742" 55101 1999 42.74889 -88.05643 332.5 194797 26953 5 -0.113167963173776 -1.20555691663013
"2744" 55105 2003 42.67162 -89.07666 718.14 160418 24119 4 -0.126243354493177 -1.20562212845628
"2747" 55111 2007 43.42767 -89.94574 830.9 62597 25734 24 -0.135759782893441 -1.19123471332554
"2749" 55115 1999 44.78817 -88.76223 893.06 41607 22828 14 -0.118513172604431 -1.16912860944679
"2750" 55117 1999 43.71968 -87.9404 511.27 115009 25830 5 -0.110125112484591 -1.18873601558413
"2754" 55125 2005 46.04394 -89.5056 856.6 21338 26863 39 -0.125272266594946 -1.1463739209129
"2755" 55127 2002 42.67061 -88.54248 555.13 102851 27410 7 -0.119467101906639 -1.20633026682515
"2757" 55131 1999 43.3724 -88.22803 430.7 132661 31521 5 -0.114302091289514 -1.19445853074467
"2758" 55133 1999 43.0191 -88.30065 549.57 392292 37310 7 -0.115809885515104 -1.20054073681088
"2759" 55135 2002 44.46637 -88.96196 747.71 52131 24215 17 -0.121549249562606 -1.1744761045044
"2760" 55137 2002 44.11174 -89.22875 626.15 24461 22363 26 -0.12550196763494 -1.18030363209711
"2761" 55139 2000 44.07066 -88.63734 434.49 168794 26880 2 -0.118226746916655 -1.18177760105544
"2762" 55141 2003 44.45629 -90.03312 793.12 74424 25456 33 -0.13479796481983 -1.17320689918703
