"FIPS" "first.year" "long" "lat" "ba" "plant" "x" "y"
"155" 9001 1986 -73.39231 41.28133 168.632968 6.56316 0.0515670078387566 -1.23557641855661
"156" 9003 1988 -72.73222 41.80492 99.435848 6.07491 0.0596990437448263 -1.22599050742139
"157" 9005 1990 -73.25151 41.79594 244.04772 5.68812 0.053006553266219 -1.22645612758612
"158" 9007 1986 -72.5326 41.46561 20.107999 6.44715 0.0625765974183466 -1.23182185079204
"159" 9009 1985 -72.92743 41.41197 156.145781 6.5283 0.0575027926685891 -1.23301368898515
"160" 9011 1988 -72.09803 41.48928 18.46196474 6.3673 0.0681851886416725 -1.23110715146484
"161" 9013 1988 -72.33707 41.85916 14.9291603 6.00094 0.064745309375301 -1.22477940704963
"162" 9015 1990 -71.98253 41.83422 25.449476 6 0.0693384099613352 -1.2249671463067
"163" 10001 1999 -75.57388 39.08765 NA 7.01845 0.0239198345930488 -1.27505750703303
"164" 10003 1993 -75.65519 39.58336 3.2759665 7.01742 0.0226726607603511 -1.26634480203464
"167" 10005 1999 -75.40669 38.66573 NA 7.20607 0.0263152703281501 -1.28244711621901
"459" 13011 2010 -83.49415 34.35259 NA 7.93583 -0.087677383958348 -1.3558634916013
"504" 13085 2007 -84.17781 34.43285 0 7.45364 -0.0973266739260296 -1.35378939081335
"517" 13111 2006 -84.33604 34.85625 0.892157 6.9556 -0.0990337191322331 -1.34619500062013
"523" 13123 2007 -84.4649 34.67575 0 7.25722 -0.101096152914932 -1.34922723068042
"535" 13137 2004 -83.53459 34.62557 0 7.49513 -0.0879423071554202 -1.35103329364716
"536" 13139 2010 -83.82934 34.30856 0 7.65829 -0.0925112587177385 -1.35631861100992
"561" 13187 2006 -84.01131 34.56516 0 7.34631 -0.0947920580739543 -1.35163558104551
"577" 13213 2010 -84.76319 34.78018 0 7.42795 -0.105187067193273 -1.34707107913153
"584" 13227 2010 -84.47881 34.45689 0 7.46988 -0.101581922886173 -1.35305260807713
"591" 13241 2002 -83.41438 34.87885 0 7.18068 -0.0859495600178363 -1.34669507815957
"599" 13257 2006 -83.29412 34.5544 0 7.98069 -0.084601958423214 -1.35250134434326
"611" 13281 2004 -83.74988 34.90761 0 6.88889 -0.0906687698126779 -1.34587823036554
"616" 13291 2004 -84.00302 34.82879 0 6.8466 -0.0943500024004892 -1.34701585750705
"626" 13311 2004 -83.75173 34.64158 0 7.38211 -0.0910097531399203 -1.35054776386288
"931" 21013 2006 -83.67577 36.726 0.436364 6.47415 -0.087491553753026 -1.31399298251462
"937" 21025 2010 -83.31599 37.5253 0.0444308 6.50155 -0.0816342930186803 -1.30025641928922
"950" 21051 2007 -83.71012 37.16506 0.883928 6.25876 -0.0874496131222182 -1.306241358249
"960" 21071 2010 -82.73618 37.564 1.114269 6.50436 -0.0736620692446271 -1.30004925598569
"972" 21095 2006 -83.20958 36.8579 1.0380789 6.4992 -0.0809023330378952 -1.3120864685009
"987" 21125 2010 -84.11088 37.11302 7.3428838 6.48108 -0.0930218258534875 -1.30677580112446
"990" 21131 2007 -83.37424 37.09618 0.796569 6.51789 -0.0829096782121987 -1.30775369137652
"991" 21133 2007 -82.84894 37.12635 5.1901948 6.49724 -0.07564986640257 -1.3076611527394
"998" 21147 2010 -84.48122 36.74241 5.10818 6.43867 -0.0986021022809207 -1.31291600860518
"1019" 21189 2010 -83.67913 37.42246 0.162921 6.3006 -0.086722151324583 -1.30174349226607
"1022" 21195 2007 -82.39107 37.46857 4.727866 6.51743 -0.0690300691875725 -1.30198769004898
"1027" 21205 2011 -83.403 38.20079 0 6.5 -0.0820677485379505 -1.28829991356234
"1042" 21235 2007 -84.14595 36.75886 5.80458769 6.44498 -0.0939494458805583 -1.31296653391631
"1043" 21237 2010 -83.48719 37.74011 1.843252 6.49827 -0.0837322524266705 -1.29632920419038
"1345" 23005 2010 -70.42796 43.87247 344.384179 5.2514 0.0867582632362934 -1.18798482104241
"1369" 23015 2010 -69.54312 44.0887 150.60005 5.59778 0.0975032367926668 -1.18335057306781
"1377" 23023 2010 -69.86822 43.9898 70.297163 5.43814 0.0935913258236532 -1.18540408040133
"1393" 23031 2003 -70.71224 43.4872 259.512353 5.33854 0.08367628792056 -1.1949757321739
"1394" 24001 1999 -78.6958 39.62447 11.80582369 6.45807 -0.0178344121442017 -1.26569786830566
"1395" 24003 1986 -76.62606 39.00517 NA 7.29895 0.00981430299093335 -1.27669754722489
"1396" 24005 1986 -76.64955 39.47285 NA 6.92489 0.0094374582118218 -1.26845959117714
"1398" 24009 1993 -76.58745 38.55389 NA 7.42395 0.0103973053247175 -1.28464602262644
"1399" 24011 2001 -75.84214 38.87241 3.46377 7.08353 0.0203813386387529 -1.27891238103836
"1400" 24013 1994 -77.03298 39.56482 0 6.67029 0.0043145873612682 -1.2668670315734
"1401" 24015 1992 -75.94711 39.58389 8.25 6.98585 0.0187829275735335 -1.26639913017774
"1415" 24021 1991 -77.4078 39.47736 1.2346798 6.73931 -0.000682361466726084 -1.26841505641145
"1416" 24023 2001 -79.27323 39.54134 0.162921 5.84435 -0.0255532176322459 -1.26703039033857
"1417" 24025 1991 -76.32602 39.56566 0 6.95812 0.0137375234486482 -1.26678509456941
"1420" 24027 1999 -76.93604 39.2491 NA 6.90541 0.00563134825866374 -1.27242453867655
"1421" 24029 2001 -76.03565 39.25721 NA 7.08426 0.0176831729282394 -1.27217120918981
"1422" 24031 1999 -77.22022 39.1383 0.00744879 6.96359 0.00182958585751661 -1.27438803512035
"1423" 24033 1986 -76.86382 38.82807 NA 7.05328 0.00663668564802738 -1.27983894956958
"1424" 24035 1988 -75.98858 39.08364 NA 7.12637 0.0183572314830159 -1.2752203915919
"1442" 24041 2001 -76.09286 38.77273 0 7.38169 0.0170309246009862 -1.28071816801218
"1445" 24043 1995 -77.82077 39.61131 7.4902633 6.54597 -0.00618215381579862 -1.26604025678048
"1454" 24510 1986 -76.62574 39.31498 NA 7.4482 0.00977661910030781 -1.27123861120614
"1456" 25001 1992 -70.28634 41.73562 6.09108 6.91948 0.0913163681083199 -1.2252635664947
"1458" 25003 2000 -73.20492 42.36783 265.433526 5.4084 0.0531688196519341 -1.21638819036905
"1459" 25005 1993 -71.10949 41.80539 2.60437 6.55205 0.0806207789448601 -1.22478434989905
"1461" 25007 1998 -70.63476 41.38519 21.5 7 0.0872596018915398 -1.23173791318686
"1468" 25009 1992 -70.97771 42.6698 110.3900922 6.24357 0.0813002148317868 -1.20951637514892
"1469" 25011 1997 -72.59141 42.58311 341.565184 5.47187 0.06082997268225 -1.21224284161332
"1470" 25013 1989 -72.62533 42.13671 145.444888 5.83544 0.0607875869157303 -1.22009745703915
"1471" 25015 1994 -72.6591 42.33916 178.26499 5.64147 0.0601783128455752 -1.21656588154836
"1472" 25017 1990 -71.38994 42.48438 110.134288 5.97043 0.0762577696083173 -1.2131077327375
"1476" 25021 1991 -71.22483 42.15699 13.9429966 6.28699 0.0787359191464601 -1.21871364133095
"1478" 25023 1992 -70.81561 41.95679 3.7743327 6.50727 0.0842244506876185 -1.22187381174276
"1479" 25025 1998 -71.10562 42.30928 5 6.61364 0.0800885709691415 -1.21594366124813
"1481" 25027 1995 -71.90744 42.35404 235.4316208 5.75025 0.0697826630269686 -1.21579091632297
"1936" 33005 2010 -72.25419 42.92029 157.432971 5.48816 0.0648130087330171 -1.20610768687219
"1939" 33011 2006 -71.71271 42.91749 62.117081 5.52271 0.0716862452482006 -1.20576792627727
"1941" 33015 2001 -71.12159 42.99017 225.8701 5.69715 0.0791004117816461 -1.20402581204934
"1945" 34001 1992 -74.67418 39.48059 NA 6.70136 0.0357931309169431 -1.2678531904624
"1951" 34003 1991 -74.07378 40.96162 51.458421 6.86484 0.042900854334514 -1.24153673982876
"1952" 34005 1991 -74.66579 39.88453 21.999629 6.79893 0.0357036104604873 -1.26073692431162
"1953" 34007 1992 -74.9468 39.79758 2.275706 7.01952 0.0320147398304318 -1.26236808962146
"1954" 34009 1992 -74.80786 39.15104 NA 7.14105 0.0341655408641036 -1.27370671841727
"1962" 34011 1992 -75.11115 39.37064 NA 6.93623 0.0300094860038714 -1.26994098842068
"1963" 34013 1991 -74.24867 40.79101 0.0816327 6.75 0.0407144045162799 -1.2446148102254
"1964" 34015 1992 -75.13739 39.71494 5.6608583 7.14146 0.0295172509985413 -1.26388511215955
"1965" 34017 1992 -74.09298 40.74154 1.3214286 7.20979 0.0427830372474892 -1.24541672408115
"1966" 34019 1991 -74.91399 40.57309 0.634783 6.48882 0.032099559714338 -1.24870425901847
"1967" 34021 1991 -74.69455 40.28634 2.6511 6.7812 0.0351239245614778 -1.25367378161311
"1968" 34023 1991 -74.41748 40.4467 0.8484158 6.83229 0.0386911592774494 -1.25074373355977
"1969" 34025 1988 -74.20899 40.26116 4.875927 6.9459 0.0415429080226272 -1.25392114760792
"1970" 34027 1988 -74.55699 40.86163 10.592154 6.27907 0.0366400744945579 -1.24349786486423
"1971" 34029 1992 -74.28386 39.91416 2.9854131 6.90364 0.0407526751064345 -1.2600616368119
"1982" 34031 1990 -74.29866 41.03232 10.70347 6.51727 0.0399231451771227 -1.24039119975125
"1983" 34033 1992 -75.34277 39.5932 3.03191 7.05879 0.02683149030909 -1.26609011752331
"1984" 34035 1991 -74.62239 40.56772 2.88043 6.51068 0.0359332299794095 -1.24869440069183
"1985" 34037 1988 -74.69525 41.14084 12.294259 5.99964 0.0346935436803202 -1.23863811960673
"1986" 34039 1992 -74.31498 40.66755 0.240741 6.90747 0.0399155911595687 -1.2468150657376
"1987" 34041 1988 -75.00166 40.86243 9.122272 6.20934 0.0308215276606057 -1.24364160225504
"1988" 36001 2003 -73.97452 42.60392 82.5138 5.41655 0.0431701344883167 -1.21263442889592
"1990" 36005 1991 -73.86494 40.85618 0.935185 7.16509 0.0456969488146144 -1.24329397215514
"1991" 36007 2010 -75.81766 42.16337 189.78202 5.54908 0.019772700932133 -1.2209821782169
"1995" 36015 2010 -76.76317 42.14159 49.32956 5.54438 0.00762776918440649 -1.22150121625853
"1998" 36021 1992 -73.63709 42.25262 81.2599 5.51871 0.0477164836208544 -1.2186400794348
"2000" 36025 2002 -74.97049 42.19659 126.6834 5.19239 0.0306403300604443 -1.22017382839764
"2001" 36027 1989 -73.75191 41.76733 54.974886 5.71545 0.0465676881332661 -1.2272208885045
"2008" 36039 1999 -74.131 42.27937 142.65136 5.37251 0.0413670489494919 -1.21840183003847
"2019" 36047 1984 -73.95465 40.64058 0 7.5 0.0446592200712006 -1.24712925792694
"2023" 36055 2002 -77.70189 43.14306 5.9055798 6.20255 -0.00437296998390679 -1.20393036282718
"2025" 36059 1984 -73.58388 40.74586 6 7.2514 0.0494504370766325 -1.24509370747529
"2027" 36061 1991 -73.97427 40.77022 0.194805 7.36066 0.044320574155148 -1.24485779427459
"2032" 36071 1988 -74.31135 41.40107 127.10649 6.1133 0.0395496833128742 -1.23391188402382
"2036" 36079 1988 -73.7527 41.42885 15.172353 6.13777 0.0467831580869398 -1.23316978696238
"2037" 36081 1984 -73.81471 40.68353 0.045283 7.49818 0.0464672453142943 -1.24630658176564
"2040" 36083 2009 -73.51042 42.71192 136.04801 5.46634 0.0490141894296532 -1.21051416405692
"2041" 36085 1991 -74.17372 40.57794 0 7.256 0.0418214663382273 -1.24833103227364
"2042" 36087 1989 -74.02496 41.1529 13.69321 6.64875 0.043420604556374 -1.23815056894671
"2050" 36095 2011 -74.44267 42.58669 198.13114 5.20795 0.037205915575298 -1.21313481759575
"2054" 36103 1984 -72.84618 40.86686 7.57606 7.02022 0.0590118621173802 -1.24254497339545
"2062" 36105 1991 -74.77418 41.71357 205.2261 5.61363 0.0333911837469856 -1.2285957200325
"2063" 36107 2010 -76.30568 42.17365 75.9592 5.48244 0.0135010956115212 -1.22088696234752
"2065" 36111 1991 -74.26255 41.89 161.47083 5.70282 0.0399033651830305 -1.22529775384642
"2069" 36119 1987 -73.76251 41.16351 64.43274 6.70412 0.0468323624150054 -1.23783939245566
"2072" 37001 2001 -79.39965 36.03541 NA 7.5 -0.0285664106450478 -1.32876259515263
"2073" 37003 2006 -81.17839 35.93489 0.0163934 7.48507 -0.0534989222441054 -1.32976452988619
"2074" 37005 2001 -81.14063 36.49509 2.772322 6.4438 -0.0525778023620378 -1.31992445401153
"2076" 37009 2001 -81.51388 36.43885 2.3377705 6.36579 -0.057804248364917 -1.32069774916659
"2077" 37011 2002 -81.92854 36.09249 53.3053273 6.27181 -0.0638590849641116 -1.32652792560893
"2092" 37021 2002 -82.53955 35.61619 0.8 6.79302 -0.0728428600011004 -1.33446681584115
"2093" 37023 2001 -81.71393 35.75841 0.436364 7.32386 -0.0611332848879043 -1.33254712689946
"2095" 37027 2001 -81.55608 35.95932 0 7.24878 -0.0587637791621051 -1.32911153125434
"2111" 37033 1999 -79.322 36.38782 NA 7.5 -0.0273524408613082 -1.32257840552254
"2112" 37035 2007 -81.21212 35.66645 NA 7.5 -0.0541625786029011 -1.33446958668664
"2114" 37039 2004 -84.0644 35.13203 6.883818 6.89778 -0.0948434992200965 -1.3416302137723
"2117" 37043 2002 -83.75415 35.05575 0.433333 6.82375 -0.0905538474077127 -1.34327245241362
"2146" 37067 1996 -80.25679 36.12658 NA 7.5 -0.040499388141488 -1.32684565337153
"2150" 37075 2001 -83.83694 35.35014 4.3898 6.66945 -0.0913707967677507 -1.3380222229556
"2157" 37087 2002 -82.98415 35.5606 1.56667 6.35355 -0.0791424124692378 -1.33508872087149
"2158" 37089 2002 -82.48763 35.3381 0.26633179 7.06075 -0.0723780959085996 -1.33939619713445
"2167" 37097 2010 -80.87232 35.80692 NA 7.5 -0.0492997518704903 -1.33218240169878
"2168" 37099 2001 -83.13993 35.28356 0.457516 6.59747 -0.0816272165349229 -1.33982642112016
"2174" 37111 2006 -82.05955 35.68278 0 7.1932 -0.0660444766415881 -1.33364637879743
"2175" 37113 2001 -83.42137 35.1513 0 6.77689 -0.0857427864699508 -1.34190262830434
"2176" 37115 2004 -82.71067 35.86071 1.4199427 6.70833 -0.0750028963584933 -1.33003378896533
"2179" 37121 2001 -82.1652 36.00995 6.93878 6.41652 -0.0672354893285502 -1.32781692968888
"2198" 37135 1999 -79.12737 36.05478 NA 7.5 -0.0247533143514649 -1.32849782654788
"2218" 37149 2006 -82.18258 35.28425 0.965217 7.51083 -0.0681269519771983 -1.34056851576433
"2222" 37157 1996 -79.76749 36.39505 NA 7.46783 -0.0335481013583232 -1.32230832935858
"2224" 37161 2006 -81.92774 35.40718 5.3491 7.45575 -0.0644281899446563 -1.33858438450272
"2228" 37169 1995 -80.23785 36.40156 0 7.19854 -0.0400881436260953 -1.32201146709025
"2229" 37171 1995 -80.68897 36.41533 6.7674 7.02175 -0.0463540318807043 -1.3215638391743
"2230" 37173 2001 -83.49823 35.48403 0 6.53279 -0.0864496339315605 -1.3359866817768
"2231" 37175 2006 -82.80242 35.20297 0 6.94439 -0.0769500964415827 -1.34152438465995
"2239" 37189 2001 -81.69574 36.22897 5.3503803 6.36094 -0.0604999681452863 -1.3242785577083
"2241" 37193 2002 -81.17452 36.21792 0.42623 6.94774 -0.0532445538625502 -1.32478493759818
"2244" 37199 2001 -82.31418 35.8973 8.006523 6.46144 -0.0694202018057341 -1.32969148975449
"2341" 42001 1991 -77.2155 39.87776 11.869532 6.50109 0.00187352348434784 -1.26136023739126
"2342" 42003 2002 -79.9798 40.46986 23.9335767 6.29304 -0.0345204488967081 -1.25045785721804
"2344" 42007 2007 -80.34774 40.68327 0.212082 6.12963 -0.03924282702647 -1.24655955241776
"2345" 42009 1995 -78.48906 40.01033 40.73763162 6.2371 -0.0150002301508561 -1.25893722620372
"2346" 42011 1987 -75.92717 40.4192 41.8380707 6.47583 0.0188273461610238 -1.25168465286237
"2347" 42013 2001 -78.34849 40.4817 40.259918 6.09742 -0.013051618045336 -1.25065769130461
"2348" 42015 2002 -76.52777 41.78997 324.370635 5.61811 0.0107070119713821 -1.22765932425188
"2349" 42017 1980 -75.10511 40.34554 0.0685714 6.65486 0.0296834218430675 -1.25277164533743
"2351" 42021 2006 -78.70954 40.49715 440.042509 5.63137 -0.0177986191965036 -1.25032709211084
"2352" 42023 2007 -78.20545 41.43266 11.48282 5.56407 -0.0110199145687763 -1.23394065595337
"2353" 42025 1991 -75.70968 40.91925 60.995655 5.8885 0.0215390135369863 -1.242836794156
"2354" 42027 2001 -77.83002 40.92177 44.437278 5.96643 -0.00619044219554181 -1.24296365443162
"2355" 42029 1986 -75.74446 39.98034 3.3745863 6.60427 0.0213646175232146 -1.25937359610751
"2357" 42033 2009 -78.47781 41.00176 464.15796 5.62048 -0.0146453149883504 -1.2414849356522
"2358" 42035 2001 -77.64288 41.23335 142.330069 5.89307 -0.00372653568388548 -1.23749056647444
"2359" 42037 1999 -76.40464 41.04357 195.74032 6.04382 0.0124289621725435 -1.24077329045946
"2361" 42041 1995 -77.26798 40.16862 34.0039965 6.53498 0.00117226031377397 -1.25623824406751
"2362" 42043 1992 -76.78116 40.41294 12.100801 6.55468 0.00758070821363588 -1.25191351422804
"2363" 42045 1981 -75.3989 39.9217 1.747293 7.06928 0.0259645786918697 -1.26032023585125
"2364" 42047 2005 -78.64273 41.41901 48.27552 5.39944 -0.016700187114634 -1.23411698287236
"2366" 42051 2009 -79.64515 39.92315 28.9659031 6.11468 -0.0303491603503565 -1.26019672835506
"2368" 42055 1991 -77.71774 39.92519 26.999613 6.49924 -0.0047887206787631 -1.26051709441331
"2369" 42057 2000 -78.11327 39.92472 12.746544 6.48197 -0.010034454008291 -1.26049452895907
"2371" 42061 2001 -77.97214 40.42231 56.1509261 6.40559 -0.00810599212624735 -1.25174523597588
"2374" 42067 1999 -77.40669 40.52281 52.88068 6.42644 -0.000657857215733659 -1.25000181699151
"2375" 42069 1993 -75.61664 41.43479 258.1582527 5.79362 0.0225895797447589 -1.23374560778973
"2376" 42071 1986 -76.24735 40.0458 0.419985 6.55418 0.0146873554837497 -1.25831615056819
"2378" 42075 1991 -76.46312 40.3682 22.288163 6.49153 0.0117772858650687 -1.25266888728491
"2379" 42077 1988 -75.5917 40.61644 2.7105816 6.39306 0.0231807376734626 -1.24813835018991
"2380" 42079 1999 -75.99021 41.17811 264.177461 5.95046 0.0178050853735408 -1.23834011413158
"2381" 42081 2000 -77.06608 41.33273 301.430291 5.84106 0.00377821868305268 -1.23574198466318
"2382" 42083 2009 -78.57427 41.80621 103.0351321 5.08248 -0.0157240129973077 -1.22731975308388
"2384" 42087 2001 -77.60614 40.60757 22.6150705 6.34758 -0.0032770799428723 -1.24850544480528
"2385" 42089 1988 -75.33934 41.05923 46.818364 5.76694 0.0263293033835657 -1.24028052789933
"2386" 42091 1979 -75.36395 40.21878 5.229744 6.78731 0.0263183368043845 -1.25507952984688
"2387" 42093 1999 -76.65954 41.02093 64.95979 6.18694 0.00910417919248702 -1.24120056738894
"2388" 42095 1986 -75.3088 40.76019 29.8176663 6.2995 0.0268412302859395 -1.24553388724817
"2389" 42097 1998 -76.70856 40.84224 102.7717972 6.21578 0.008485457137156 -1.24434990544011
"2390" 42099 1999 -77.25225 40.40263 45.1591954 6.47408 0.00137564423337928 -1.25211724652647
"2391" 42101 1991 -75.13523 40.00487 0 7.15172 0.0294266204740081 -1.25877884566071
"2392" 42103 1992 -75.05037 41.33282 40.386119 5.73543 0.0299833202930801 -1.23538237601569
"2394" 42107 1991 -76.21571 40.70656 155.458308 6.1214 0.0149665808748058 -1.24667727791269
"2395" 42109 1999 -77.06556 40.76744 69.801744 6.32889 0.00381544848476928 -1.24568960674866
"2396" 42111 2002 -79.02493 39.9778 58.9667677 5.8032 -0.0221080888070975 -1.25940550855526
"2397" 42113 2000 -76.52295 41.4409 92.392417 5.79744 0.0108231206094368 -1.23379744885931
"2398" 42115 2006 -75.80637 41.82189 421.976968 5.53894 0.0200156439093274 -1.22698154081242
"2399" 42117 2005 -77.26534 41.76453 165.70696 5.50102 0.0011801664103834 -1.22815275711766
"2400" 42119 2000 -77.0648 40.96011 116.47314 6.18122 0.00381499555803805 -1.2422984474415
"2404" 42127 1998 -75.31038 41.64987 159.54342 5.50411 0.026483530334258 -1.22988445643762
"2405" 42129 2006 -79.46266 40.31403 11.4518671 6.0052 -0.0277769195303804 -1.25337035897636
"2406" 42131 2000 -76.02976 41.51624 218.75141 5.91996 0.0172067366682184 -1.23239962297322
"2407" 42133 1987 -76.73011 39.92591 5.848715 6.66583 0.00830967991373184 -1.26048611836597
"2408" 44001 1986 -71.25485 41.71248 0 6.5 0.0788523054184909 -1.22653652331929
"2409" 44003 1986 -71.57206 41.67921 0 6.29932 0.0747938666164837 -1.22737682437131
"2410" 44005 1993 -71.23031 41.56551 6.033337 6.89035 0.0793354759829016 -1.22909536697019
"2414" 44007 1986 -71.57468 41.87511 8.47389 6.24074 0.0745506149807869 -1.2239407591783
"2415" 44009 1986 -71.6234 41.48859 5.62601 6.55103 0.0743329659969585 -1.23076341233282
"2454" 45045 2005 -82.37103 34.89505 0 7.68274 -0.0711461657807762 -1.34727269846868
"2484" 47009 2002 -83.92278 35.68912 0 6.93354 -0.0921671498456086 -1.3319840750595
"2486" 47013 2006 -84.14501 36.39454 0.409325 6.48595 -0.094394558912668 -1.3193703919392
"2489" 47019 2002 -82.12679 36.29229 0.9 6.50321 -0.0664493466897752 -1.32287642083091
"2492" 47025 2007 -83.66852 36.48157 0.951149 6.44369 -0.0876771318200615 -1.31829705015144
"2494" 47029 2004 -83.11531 35.92462 0.105882 6.90051 -0.0805965423261544 -1.3285787765042
"2497" 47035 2010 -85.01003 35.94972 0.00746269 6.50934 -0.107028798286024 -1.32626748951055
"2508" 47057 2005 -83.49578 36.27458 1.61168 6.83799 -0.0855164020315411 -1.32209346191301
"2509" 47059 2004 -82.84627 36.17452 0 6.91958 -0.0765812945330253 -1.32440682186823
"2511" 47063 2006 -83.23646 36.22364 0 7 -0.0819643281245938 -1.32321757845283
"2512" 47065 2006 -85.17022 35.17822 1.44304 7.33083 -0.110379651656544 -1.33962551746406
"2513" 47067 2006 -83.21194 36.52175 0 6.53846 -0.0812995880410169 -1.31799642422931
"2516" 47073 2006 -82.93348 36.4416 0 6.87785 -0.0775205741905638 -1.31963871381111
"2524" 47089 2005 -83.43433 36.0562 0 6.99755 -0.0849074307158437 -1.32598772866709
"2525" 47091 2004 -81.84376 36.45816 0.147368 6.2701 -0.0623717511826823 -1.32014932181692
"2526" 47093 2004 -83.93799 35.99294 2.62188 6.99229 -0.0920100526890748 -1.32663083872604
"2532" 47105 2006 -84.31316 35.73473 0.268966 7 -0.0975785792809819 -1.33079314438576
"2533" 47107 2010 -84.61409 35.42637 0.265116 7.0018 -0.102205935138145 -1.33589203599857
"2541" 47123 2004 -84.25192 35.44607 0 6.93015 -0.0970895534447915 -1.33592582146814
"2544" 47129 2007 -84.64944 36.12646 0.0163934 6.5494 -0.101757599779973 -1.32355981791133
"2548" 47137 2011 -85.07157 36.56326 0 6.5 -0.107011100235424 -1.31542454800213
"2549" 47139 2006 -84.52627 35.11848 0.618812 7.15181 -0.101380064521988 -1.34139133791222
"2553" 47145 2007 -84.5127 35.85238 0.0492958 6.98376 -0.10021643733359 -1.32851906613496
"2556" 47151 2007 -84.49765 36.43053 2.129026 6.48593 -0.099241558489322 -1.31837877006875
"2558" 47155 2002 -83.52075 35.78996 0.528172 6.78243 -0.0864170059206238 -1.33058973329256
"2562" 47163 2004 -82.30097 36.51386 0 6.77049 -0.0686705933400061 -1.31885393945234
"2566" 47171 2004 -82.44138 36.10446 3.31579 6.48552 -0.0710045791280567 -1.32595348103687
"2567" 47173 2006 -83.83104 36.2836 0 6.76375 -0.090168642338108 -1.3216250412558
"2570" 47179 2004 -82.49766 36.29645 0.0833333 6.93455 -0.0716068682935345 -1.32253387512054
"2614" 51003 1991 -78.55683 38.02301 0 6.94441 -0.0163400771856867 -1.29394137679002
"2615" 51005 1991 -80.01005 37.77987 0.162921 6.50087 -0.0362414316343395 -1.29782392081463
"2617" 51009 1981 -79.14536 37.59929 0 6.92161 -0.0244926093696623 -1.30128201985559
"2618" 51011 1981 -78.812 37.36694 NA 7 -0.0199909952670558 -1.30545443938926
"2619" 51013 1993 -77.11358 38.87854 0 7.1338 0.00327117022517832 -1.27896256532971
"2620" 51015 1991 -79.13193 38.16069 0 6.38017 -0.0241239302475429 -1.29139266578648
"2621" 51017 1993 -79.74402 38.0571 0.0533981 6.28482 -0.0324859244679396 -1.29303569618633
"2622" 51019 1980 -79.52311 37.31764 0 6.98065 -0.0297774758709032 -1.30613696215052
"2623" 51021 1993 -81.1294 37.12787 0 6.21406 -0.0519793456911279 -1.30878896961396
"2624" 51023 1979 -79.81061 37.55287 0 6.9189 -0.0336212775125741 -1.30189656657828
"2626" 51027 2006 -82.03986 37.26129 0 6.47783 -0.0643983654120366 -1.30588254145832
"2627" 51029 2005 -78.52957 37.56512 NA 6.99868 -0.0160685424572796 -1.30201557751613
"2628" 51031 1981 -79.10233 37.21993 0.040625 7 -0.0240262567336507 -1.30797770848866
"2629" 51033 1977 -77.34893 38.03107 0 7.00795 0.000105370679196843 -1.29390248497837
"2630" 51035 1992 -80.72752 36.72457 0 6.44908 -0.0466968511155949 -1.31609957881702
"2633" 51041 1993 -77.5763 37.3888 NA 7.21806 -0.00301615050967705 -1.30521875042633
"2634" 51043 1993 -78.00738 39.11702 2.426959 6.57991 -0.0087275281610641 -1.27473444533839
"2635" 51045 1993 -80.21256 37.47021 0 6.54097 -0.0391705968106802 -1.3031989066488
"2636" 51047 2006 -77.95472 38.49027 NA 7 -0.00809074422353308 -1.28578387329187
"2638" 51051 2006 -82.35606 37.1195 0.0212766 6.41038 -0.0688739151296829 -1.30815642624538
"2640" 51057 1993 -76.95573 37.93628 NA 7.29843 0.00546534152623473 -1.29556161699117
"2641" 51059 1991 -77.28296 38.83589 0.147368 7.03606 0.000992471479182648 -1.27971796318153
"2642" 51061 2006 -77.80898 38.74023 0 6.95051 -0.0060981478065477 -1.28138963742075
"2643" 51063 1979 -80.36664 36.92845 0 6.37702 -0.0415855432375816 -1.31267651526656
"2644" 51065 1993 -78.27996 37.83463 1.04225 6.99933 -0.012602904668131 -1.2973034912033
"2645" 51067 1971 -79.88843 36.98942 0 6.97419 -0.0349517192402928 -1.31179508514946
"2646" 51069 1993 -78.27569 39.21279 0 6.49622 -0.0123097736220003 -1.27301727498108
"2647" 51071 1993 -80.70492 37.30873 0.109827 6.31127 -0.0460213191856915 -1.30582266464953
"2650" 51077 1993 -81.20599 36.65186 0 6.28198 -0.0533736383408694 -1.31712797264556
"2651" 51079 1991 -78.46733 38.29848 0 6.77195 -0.0150648659149753 -1.28910145661354
"2654" 51085 1977 -77.4869 37.76225 NA 7.0297 -0.001779414317132 -1.2986391679128
"2655" 51087 1951 -77.41621 37.54289 NA 7.2776 -0.00081595456790085 -1.30250626249259
"2656" 51089 1991 -79.89211 36.67933 0 7.00991 -0.0351482619488848 -1.31725606898164
"2657" 51091 1993 -79.57788 38.36503 0.483636 5.77424 -0.030098774210667 -1.28766485037705
"2661" 51101 1993 -77.08741 37.70503 NA 7.16554 0.00368192184663525 -1.29964365734839
"2664" 51105 2006 -83.1175 36.70575 0.44514811 6.51256 -0.0797935287936979 -1.31484039072785
"2665" 51107 2006 -77.64881 39.09418 0 6.84284 -0.00391953551928837 -1.27516076303356
"2667" 51111 1991 -78.24106 36.94881 NA 7.03665 -0.0122172006318088 -1.31291943485712
"2668" 51113 1991 -78.28355 38.41938 0 6.80728 -0.0125514023744932 -1.2869974972645
"2673" 51121 1979 -80.38793 37.16767 0 6.602 -0.0417451546930905 -1.30845360271674
"2674" 51125 1991 -78.88976 37.7848 0 6.90886 -0.020940259575916 -1.29807405798601
"2698" 51133 1971 -76.42509 37.88899 NA 7.49327 0.0127066689083861 -1.29634434880799
"2701" 51137 1993 -78.00929 38.25151 NA 7 -0.00885787959174791 -1.28998689131736
"2702" 51139 1991 -78.48877 38.6232 0 6.46301 -0.0152874962520363 -1.28337555333716
"2703" 51141 1991 -80.3016 36.68438 0 6.95469 -0.0408204869813195 -1.3170034674632
"2704" 51143 1971 -79.39765 36.81722 0 7.10145 -0.0282426768418304 -1.31499188584233
"2708" 51153 1991 -77.48394 38.70822 0 7.0431 -0.00171664486679506 -1.28196711457992
"2709" 51155 1992 -80.70876 37.05456 0 6.47384 -0.0462320257911852 -1.31029733288943
"2710" 51157 1991 -78.16015 38.68946 0 6.58083 -0.0108401784170268 -1.28225305499645
"2712" 51161 1971 -80.05473 37.2647 0 6.89721 -0.0371092460043763 -1.30688259619172
"2713" 51163 1980 -79.45031 37.80911 0 6.65981 -0.0285862227431871 -1.29749962644118
"2714" 51165 1991 -78.88477 38.51659 0.0640138 6.35248 -0.0206647523847354 -1.28517933999
"2715" 51167 2005 -82.09314 36.92939 0 6.46565 -0.0654217785990395 -1.3116880238805
"2716" 51169 2007 -82.60935 36.70928 0 6.55595 -0.0727591977993622 -1.31518610548597
"2717" 51171 1991 -78.57413 38.86481 0 6.45853 -0.0163855680221024 -1.27910375761618
"2718" 51173 1993 -81.52348 36.83148 0.00746269 6.30256 -0.0576344396490124 -1.31378027813311
"2720" 51177 1993 -77.64733 38.19426 0 7 -0.00394818010927588 -1.29102027352557
"2726" 51185 2005 -81.56294 37.11971 0.0250896 6.30583 -0.0579551702831599 -1.30868191474931
"2727" 51187 1991 -78.21302 38.91629 0 6.55978 -0.0115174410423149 -1.27824962039313
"2728" 51191 1993 -81.96338 36.72367 2.9978047 6.43925 -0.0638065499500079 -1.31539697112474
"2731" 51195 2006 -82.62105 36.96933 0.93613 6.43219 -0.0726674073010036 -1.31060166007327
"2732" 51197 1993 -81.06882 36.90559 0 6.3972 -0.0512980781767901 -1.31273599417978
"2738" 51620 1991 -76.9308 36.675 NA 7.5 0.0059047670391007 -1.31778798338587
"2753" 54001 2006 -79.99775 39.13237 0 5.96425 -0.0354112024745418 -1.27400180357557
"2754" 54003 1997 -78.0275 39.46489 0 6.5 -0.00895411792640438 -1.26860334075048
"2755" 54005 2006 -81.70362 38.01848 0.05112878 6.47995 -0.0591679489907704 -1.2927710852075
"2757" 54007 2006 -80.72085 38.70119 0 6.11475 -0.0453716995213856 -1.28128907858597
"2763" 54019 2002 -81.07261 38.02496 0.720588 6.27537 -0.0505793223848907 -1.29302129513517
"2765" 54023 1992 -79.20344 39.10606 0 6.0317 -0.0247718501129373 -1.27471677250238
"2766" 54025 1998 -80.4525 37.94738 0 6.03846 -0.0421865420384213 -1.29469038277059
"2767" 54027 1992 -78.6228 39.31838 3.46377 6.46603 -0.0169341022192717 -1.27110350210845
"2769" 54031 1992 -78.86564 39.01167 0 6.25599 -0.020267562588249 -1.27645983485885
"2772" 54037 1997 -77.86483 39.31058 0 6.52762 -0.00679738830605883 -1.2713355595848
"2773" 54039 2006 -81.51638 38.33558 2.364972 6.51734 -0.0563764979994816 -1.28730172046166
"2774" 54041 2010 -80.50547 38.99753 0 6.002 -0.0422950503857726 -1.27616921598949
"2775" 54043 2009 -82.05941 38.17193 2.49221716 6.50222 -0.0638731711496875 -1.28983932958344
"2776" 54045 2007 -81.93658 37.82529 0.136929 6.50772 -0.0625004735877795 -1.29602316032919
"2777" 54047 2004 -81.65548 37.37835 3.92012 6.4795 -0.0590232575655853 -1.30407137095801
"2778" 54049 2007 -80.23813 39.51234 0 6.02179 -0.0384302956097718 -1.26721636269871
"2781" 54055 2000 -81.10925 37.40217 3.09753 6.36978 -0.0515110546070709 -1.30396957107233
"2782" 54057 1993 -78.94855 39.41122 0.897059 6.39988 -0.0212631472052488 -1.26940245948711
"2784" 54061 2004 -80.03541 39.63298 0.333333 6.24894 -0.0356674493281169 -1.26517092568046
"2785" 54063 1998 -80.54484 37.56066 0 6.26923 -0.0436729732522917 -1.30146077363484
"2786" 54065 1993 -78.27147 39.55707 0.338235 6.49595 -0.012194867255 -1.26695222602306
"2787" 54067 2002 -80.79551 38.29458 0.133333 6.07637 -0.0466374060229241 -1.28841441260461
"2789" 54071 1992 -79.3601 38.68088 1.97905 5.92953 -0.0270308530651848 -1.2821651802564
"2791" 54075 1993 -80.00874 38.33163 0.367442 5.57365 -0.0359522258927024 -1.2881035973603
"2792" 54077 2002 -79.67153 39.46883 0 5.95256 -0.030893845292236 -1.26818928376886
"2794" 54081 2001 -81.24671 37.76951 0 6.12111 -0.05313200305569 -1.29742495918157
"2795" 54083 2001 -79.88044 38.77522 0.261128 5.40126 -0.034005807593319 -1.28033600155765
"2797" 54087 2007 -81.34211 38.71572 0 6.33333 -0.0537351863781539 -1.28070929244658
"2798" 54089 2000 -80.85557 37.64743 0 6.32578 -0.0478713679875527 -1.29978279273604
"2799" 54091 2010 -80.04796 39.33592 0 6.05654 -0.0359826866980121 -1.27039776840393
"2800" 54093 2001 -79.55997 39.11284 0 5.64555 -0.0295506473090746 -1.27449544061225
"2802" 54097 2005 -80.23494 38.9032 1.042605 5.967 -0.0387127552669405 -1.27794595479959
"2803" 54099 2011 -82.41998 38.15222 0 6.5 -0.068784504450791 -1.28993461992435
"2804" 54101 2003 -80.41793 38.49581 1.57718 5.93845 -0.0414043515341177 -1.28504483718903
"2806" 54105 2010 -81.37413 39.02441 0 6.01538 -0.0539367792316769 -1.27525611443144
"2808" 54109 2005 -81.54436 37.60831 14.828019 6.42281 -0.0573200499179215 -1.30009053876661
